Cutoff 100
N1 10000
MaxLen1 12
Nsp D_var_sites Len_distribution WORKS_len_distribution Shortest_combination n_Independent_combinations n_Key_positions
2 0.205571565802 [10, 542, 0, 0, 0] [0, 2, 0, 0, 0] 1 28 0
2 0.233429394813 [8, 218, 0, 0, 0] [0, 2, 0, 0, 0] 1 19 0
2 0.276657060519 [6, 161, 2, 0, 0] [0, 5, 0, 0, 0] 1 16 0
2 0.309317963497 [5, 350, 0, 0, 0] [0, 6, 0, 0, 0] 1 19 0
2 0.316042267051 [7, 339, 0, 0, 0] [0, 2, 0, 0, 0] 1 26 0
2 0.268011527378 [6, 138, 16, 0, 0] [0, 6, 0, 0, 0] 1 18 0
2 0.208453410183 [5, 721, 0, 0, 0] [0, 2, 0, 0, 0] 1 26 0
2 0.246878001921 [6, 350, 0, 0, 0] [0, 2, 0, 0, 0] 1 23 0
2 0.277617675312 [6, 95, 44, 0, 0] [0, 2, 0, 0, 0] 1 15 0
2 0.269932756964 [7, 165, 0, 0, 0] [0, 2, 0, 0, 0] 1 18 0
3 0.305475504323 [3, 113, 154, 0, 0] [0, 7, 0, 0, 0] 1 14 0
3 0.355427473583 [3, 49, 119, 0, 0] [0, 7, 0, 0, 0] 1 10 0
3 0.353506243996 [3, 36, 126, 0, 0] [0, 2, 0, 0, 0] 1 9 0
3 0.356388088377 [4, 87, 127, 0, 0] [0, 7, 0, 0, 0] 1 14 0
3 0.317002881844 [6, 86, 61, 0, 0] [0, 2, 0, 0, 0] 1 16 0
3 0.364073006724 [4, 41, 142, 0, 0] [0, 2, 1, 0, 0] 1 13 0
3 0.292987512008 [4, 117, 146, 0, 0] [0, 4, 0, 0, 0] 1 16 0
3 0.320845341018 [5, 41, 86, 0, 0] [0, 3, 0, 0, 0] 1 12 0
3 0.28818443804 [4, 242, 29, 0, 0] [0, 2, 0, 0, 0] 1 18 0
3 0.303554274736 [5, 111, 69, 0, 0] [0, 7, 0, 0, 0] 1 16 0
4 0.33237271854 [4, 77, 45, 0, 0] [0, 7, 0, 0, 0] 1 11 0
4 0.377521613833 [2, 57, 73, 0, 0] [0, 7, 3, 0, 0] 1 8 0
4 0.312199807877 [4, 69, 84, 0, 0] [0, 7, 0, 0, 0] 1 11 0
4 0.367915465898 [2, 57, 111, 0, 0] [0, 7, 1, 0, 0] 1 8 0
4 0.306436119116 [5, 58, 67, 0, 0] [0, 2, 0, 0, 0] 1 12 0
4 0.308357348703 [3, 167, 73, 0, 0] [0, 7, 3, 0, 0] 1 14 0
4 0.326609029779 [3, 91, 118, 0, 0] [0, 2, 0, 0, 0] 1 11 0
4 0.356388088377 [2, 74, 272, 0, 0] [0, 2, 4, 0, 0] 1 13 0
4 0.362151777137 [2, 68, 94, 0, 0] [0, 7, 0, 0, 0] 1 8 0
4 0.336215177714 [4, 88, 37, 0, 0] [0, 2, 1, 0, 0] 1 12 0
5 0.348703170029 [3, 80, 100, 0, 0] [0, 7, 2, 0, 0] 1 11 0
5 0.328530259366 [5, 57, 38, 0, 0] [0, 2, 1, 0, 0] 1 10 0
5 0.333333333333 [2, 66, 198, 0, 0] [0, 6, 0, 0, 0] 1 9 0
5 0.381364073007 [1, 69, 167, 7, 0] [0, 12, 1, 0, 0] 1 10 0
5 0.355427473583 [3, 46, 138, 0, 0] [0, 7, 0, 0, 0] 1 9 0
5 0.40441882805 [2, 41, 68, 2, 0] [0, 15, 0, 0, 0] 1 7 0
5 0.328530259366 [3, 67, 83, 0, 0] [0, 2, 0, 0, 0] 1 10 0
5 0.341978866475 [3, 83, 123, 0, 0] [0, 8, 0, 0, 0] 1 11 0
5 0.342939481268 [3, 89, 107, 0, 0] [0, 9, 0, 0, 0] 1 11 0
5 0.395773294909 [1, 52, 155, 8, 0] [0, 7, 24, 0, 0] 1 8 0
6 0.356388088377 [3, 57, 102, 0, 0] [0, 7, 0, 0, 0] 1 10 0
6 0.361191162344 [3, 22, 99, 0, 0] [0, 2, 0, 0, 0] 1 8 0
6 0.365033621518 [2, 66, 106, 0, 0] [0, 11, 0, 0, 0] 1 7 0
6 0.417867435159 [2, 32, 89, 0, 0] [0, 7, 26, 0, 0] 1 6 0
6 0.394812680115 [3, 27, 66, 0, 0] [0, 2, 0, 0, 0] 1 9 0
6 0.367915465898 [3, 49, 125, 0, 0] [0, 2, 2, 0, 0] 1 10 0
6 0.400576368876 [2, 38, 102, 0, 0] [0, 16, 2, 0, 0] 1 7 0
6 0.347742555235 [2, 83, 110, 0, 0] [0, 7, 1, 0, 0] 1 9 0
6 0.344860710855 [3, 87, 69, 0, 0] [0, 7, 3, 0, 0] 1 12 0
6 0.338136407301 [5, 43, 50, 0, 0] [0, 2, 1, 0, 0] 1 11 0
7 0.418828049952 [2, 23, 38, 8, 0] [0, 16, 9, 0, 0] 1 5 0
7 0.431316042267 [1, 78, 16, 0, 0] [0, 25, 4, 0, 0] 1 7 0
7 0.409221902017 [2, 32, 95, 3, 0] [0, 7, 0, 0, 0] 1 8 0
7 0.395773294909 [1, 70, 225, 1, 0] [0, 21, 1, 0, 0] 1 9 0
7 0.373679154659 [3, 64, 55, 0, 0] [0, 2, 0, 0, 0] 1 9 0
7 0.412103746398 [1, 53, 46, 14, 0] [0, 25, 2, 0, 0] 1 5 0
7 0.359269932757 [0, 100, 212, 5, 0] [0, 16, 3, 0, 0] 2 9 0
7 0.362151777137 [2, 60, 187, 0, 0] [0, 10, 2, 0, 0] 1 9 0
7 0.366954851105 [3, 44, 80, 0, 0] [0, 2, 5, 0, 0] 1 8 0
7 0.348703170029 [0, 105, 309, 6, 0] [0, 15, 14, 0, 0] 2 8 0
8 0.415946205572 [2, 9, 128, 4, 0] [0, 7, 37, 1, 0] 1 6 0
8 0.431316042267 [2, 27, 52, 2, 0] [0, 7, 27, 0, 0] 1 5 0
8 0.423631123919 [1, 59, 64, 5, 0] [0, 17, 4, 0, 0] 1 6 0
8 0.418828049952 [1, 31, 195, 41, 0] [0, 16, 4, 0, 0] 1 7 0
8 0.346781940442 [1, 113, 156, 0, 0] [0, 16, 7, 0, 0] 1 10 0
8 0.425552353506 [0, 46, 26, 14, 1] [0, 25, 3, 1, 0] 2 4 0
8 0.430355427474 [1, 48, 8, 5, 0] [0, 25, 2, 0, 0] 1 6 0
8 0.378482228626 [2, 53, 174, 0, 0] [0, 7, 0, 0, 0] 1 9 0
8 0.414985590778 [1, 48, 47, 4, 0] [0, 22, 9, 0, 0] 1 6 0
8 0.424591738713 [1, 13, 174, 27, 0] [0, 7, 70, 0, 0] 1 5 0
9 0.40441882805 [0, 77, 205, 17, 0] [0, 19, 33, 0, 0] 2 5 0
9 0.380403458213 [1, 104, 65, 0, 0] [0, 18, 3, 0, 0] 1 7 0
9 0.388088376561 [2, 65, 148, 0, 0] [0, 17, 4, 0, 0] 1 8 0
9 0.409221902017 [1, 61, 170, 0, 0] [0, 18, 4, 0, 0] 1 6 0
9 0.375600384246 [2, 22, 159, 2, 0] [0, 7, 25, 0, 0] 1 6 0
9 0.427473583093 [2, 25, 48, 2, 0] [0, 7, 1, 0, 0] 1 7 0
9 0.435158501441 [0, 47, 217, 15, 2] [0, 23, 14, 1, 0] 2 5 0
9 0.390970220941 [2, 33, 102, 0, 0] [0, 13, 4, 0, 0] 1 6 0
9 0.419788664745 [1, 48, 92, 20, 0] [0, 24, 1, 0, 0] 1 7 0
9 0.418828049952 [0, 34, 291, 99, 4] [0, 23, 60, 5, 0] 2 6 0
10 0.434197886647 [1, 43, 6, 2, 0] [0, 24, 2, 0, 0] 1 5 0
10 0.402497598463 [0, 72, 252, 13, 0] [0, 21, 8, 1, 0] 2 6 0
10 0.399615754083 [1, 53, 191, 12, 0] [0, 12, 6, 0, 0] 1 8 0
10 0.450528338136 [0, 43, 22, 30, 0] [0, 27, 4, 12, 0] 2 4 0
10 0.42939481268 [0, 41, 144, 63, 1] [0, 24, 10, 3, 0] 2 5 0
10 0.439000960615 [0, 45, 32, 24, 1] [0, 24, 4, 5, 1] 2 4 0
10 0.432276657061 [0, 32, 231, 70, 5] [0, 25, 83, 2, 0] 2 5 0
10 0.42939481268 [2, 21, 18, 2, 0] [0, 7, 2, 0, 0] 1 5 0
10 0.405379442843 [0, 71, 202, 7, 0] [0, 22, 8, 1, 0] 2 6 0
10 0.392891450528 [1, 49, 206, 8, 0] [0, 7, 7, 0, 0] 1 8 0
11 0.405379442843 [0, 72, 207, 11, 0] [0, 22, 33, 1, 0] 2 6 0
11 0.446685878963 [0, 31, 129, 19, 1] [0, 26, 95, 12, 0] 2 4 0
11 0.447646493756 [2, 10, 67, 1, 0] [0, 7, 38, 0, 0] 1 6 0
11 0.445725264169 [0, 42, 33, 15, 0] [0, 26, 17, 4, 0] 2 4 0
11 0.437079731028 [0, 44, 112, 53, 4] [0, 23, 14, 4, 0] 2 5 0
11 0.410182516811 [2, 48, 15, 0, 0] [0, 7, 2, 0, 0] 1 6 0
11 0.431316042267 [1, 26, 175, 23, 0] [0, 22, 57, 2, 0] 1 6 0
11 0.396733909702 [1, 68, 143, 3, 0] [0, 7, 20, 0, 0] 1 7 0
11 0.436119116234 [1, 43, 75, 12, 0] [0, 23, 4, 0, 0] 1 7 0
11 0.397694524496 [1, 46, 211, 6, 0] [0, 7, 29, 0, 0] 1 7 0
12 0.448607108549 [1, 15, 184, 12, 0] [0, 7, 67, 1, 0] 1 6 0
12 0.449567723343 [1, 28, 102, 1, 0] [0, 24, 58, 1, 0] 1 5 0
12 0.439961575408 [1, 30, 92, 5, 0] [0, 23, 51, 0, 0] 1 5 0
12 0.457252641691 [0, 32, 115, 32, 3] [0, 28, 91, 16, 1] 2 4 0
12 0.447646493756 [0, 29, 133, 26, 2] [0, 25, 97, 11, 0] 2 4 0
12 0.445725264169 [0, 32, 259, 71, 6] [0, 25, 83, 5, 1] 2 6 0
12 0.428434197887 [1, 26, 94, 37, 0] [0, 18, 4, 5, 0] 1 6 0
12 0.424591738713 [1, 54, 85, 4, 0] [0, 7, 5, 0, 0] 1 6 0
12 0.420749279539 [1, 48, 203, 3, 0] [0, 22, 24, 0, 0] 1 7 0
12 0.414985590778 [0, 79, 104, 12, 0] [0, 23, 9, 0, 0] 2 6 0
13 0.445725264169 [0, 44, 18, 12, 2] [0, 26, 15, 4, 1] 2 4 0
13 0.447646493756 [0, 29, 125, 28, 3] [0, 25, 94, 10, 1] 2 3 0
13 0.445725264169 [0, 44, 28, 23, 2] [0, 24, 12, 10, 1] 2 5 0
13 0.449567723343 [0, 40, 32, 12, 2] [0, 26, 15, 3, 0] 2 4 0
13 0.452449567723 [1, 28, 96, 5, 0] [0, 26, 66, 3, 0] 1 5 0
13 0.459173871278 [0, 39, 29, 8, 2] [0, 26, 4, 1, 1] 2 4 0
13 0.460134486071 [0, 28, 115, 18, 2] [0, 27, 104, 13, 0] 2 4 0
13 0.414985590778 [1, 59, 82, 5, 0] [0, 21, 25, 0, 0] 1 5 0
13 0.450528338136 [1, 28, 78, 6, 0] [0, 26, 55, 1, 0] 1 5 0
13 0.443804034582 [0, 40, 105, 60, 5] [0, 23, 15, 6, 0] 2 5 0
14 0.463976945245 [0, 39, 16, 16, 2] [0, 28, 16, 13, 1] 2 4 0
14 0.418828049952 [0, 93, 29, 2, 0] [0, 23, 7, 0, 0] 2 6 0
14 0.459173871278 [1, 7, 116, 13, 3] [0, 7, 95, 3, 0] 1 4 0
14 0.458213256484 [1, 25, 68, 4, 0] [0, 25, 63, 1, 0] 1 5 0
14 0.456292026897 [1, 27, 98, 4, 0] [0, 25, 73, 3, 0] 1 5 0
14 0.462055715658 [1, 9, 84, 10, 2] [0, 7, 65, 4, 0] 1 4 0
14 0.45148895293 [1, 23, 32, 4, 0] [0, 18, 14, 0, 0] 1 4 0
14 0.461095100865 [0, 40, 16, 18, 2] [0, 28, 16, 12, 0] 2 4 0
14 0.462055715658 [1, 22, 16, 5, 0] [0, 21, 14, 5, 0] 1 4 0
14 0.463976945245 [1, 7, 121, 10, 1] [0, 7, 95, 4, 0] 1 4 0
15 0.435158501441 [0, 63, 193, 10, 0] [0, 25, 55, 2, 0] 2 4 0
15 0.465898174832 [0, 29, 122, 20, 2] [0, 28, 111, 15, 1] 2 4 0
15 0.460134486071 [0, 29, 126, 4, 0] [0, 28, 100, 3, 0] 2 4 0
15 0.466858789625 [0, 29, 111, 26, 3] [0, 28, 109, 23, 2] 2 4 0
15 0.465898174832 [0, 29, 119, 6, 2] [0, 29, 102, 4, 2] 2 3 0
15 0.465898174832 [0, 27, 107, 28, 0] [0, 26, 95, 21, 0] 2 4 0
15 0.464937560038 [1, 7, 97, 15, 1] [0, 7, 85, 8, 0] 1 4 0
15 0.465898174832 [0, 39, 15, 14, 1] [0, 28, 15, 14, 1] 2 4 0
15 0.466858789625 [0, 29, 103, 20, 4] [0, 28, 103, 20, 3] 2 3 0
15 0.466858789625 [0, 29, 111, 19, 4] [0, 28, 111, 16, 4] 2 3 0
16 0.467819404419 [0, 27, 105, 22, 4] [0, 27, 105, 22, 4] 2 4 0
16 0.467819404419 [0, 29, 107, 20, 2] [0, 29, 107, 20, 2] 2 3 0
16 0.467819404419 [0, 28, 120, 2, 5] [0, 28, 102, 2, 3] 2 4 0
16 0.467819404419 [0, 28, 105, 21, 5] [0, 28, 105, 21, 4] 2 3 0
16 0.467819404419 [0, 26, 112, 15, 3] [0, 26, 112, 15, 2] 2 3 0
16 0.467819404419 [0, 37, 16, 13, 0] [0, 28, 16, 13, 0] 2 4 0
16 0.467819404419 [0, 28, 114, 6, 5] [0, 28, 97, 6, 4] 2 4 0
16 0.467819404419 [1, 7, 107, 2, 2] [0, 7, 94, 2, 1] 1 4 0
16 0.467819404419 [0, 28, 104, 15, 2] [0, 28, 104, 15, 2] 2 3 0
16 0.467819404419 [0, 28, 100, 15, 4] [0, 28, 100, 14, 2] 2 3 0
17 0.467819404419 [0, 28, 106, 25, 3] [0, 28, 106, 25, 3] 2 4 0
17 0.467819404419 [0, 28, 111, 8, 5] [0, 28, 111, 8, 5] 2 4 0
17 0.467819404419 [0, 28, 110, 16, 3] [0, 28, 110, 16, 3] 2 4 0
17 0.467819404419 [0, 28, 108, 18, 0] [0, 28, 108, 18, 0] 2 3 0
17 0.467819404419 [0, 28, 111, 11, 4] [0, 28, 111, 11, 4] 2 3 0
17 0.467819404419 [0, 28, 111, 24, 4] [0, 28, 111, 24, 4] 2 4 0
17 0.467819404419 [0, 28, 105, 15, 3] [0, 28, 105, 15, 3] 2 4 0
17 0.467819404419 [0, 28, 107, 19, 1] [0, 28, 107, 19, 1] 2 3 0
17 0.467819404419 [0, 28, 107, 17, 2] [0, 28, 107, 17, 2] 2 3 0
17 0.467819404419 [0, 28, 109, 25, 3] [0, 28, 109, 25, 3] 2 3 0
