Cutoff 100
N1 10000
MaxLen1 12
Nsp D_var_sites Len_distribution WORKS_len_distribution Shortest_combination n_Independent_combinations n_Key_positions
2 0.22188449848 [3, 703, 0, 0, 0] [0, 2, 0, 0, 0] 1 29 0
2 0.214285714286 [5, 622, 0, 0, 0] [0, 2, 0, 0, 0] 1 26 0
2 0.19452887538 [9, 740, 0, 0, 0] [0, 2, 0, 0, 0] 1 37 0
2 0.272036474164 [3, 300, 30, 0, 0] [0, 2, 0, 0, 0] 1 20 0
2 0.165653495441 [12, 848, 0, 0, 0] [0, 2, 0, 0, 0] 1 41 0
2 0.23556231003 [5, 334, 0, 0, 0] [0, 2, 0, 0, 0] 1 21 0
2 0.199088145897 [9, 568, 0, 0, 0] [0, 2, 0, 0, 0] 1 36 0
2 0.253799392097 [5, 333, 0, 0, 0] [0, 2, 0, 0, 0] 1 24 0
2 0.232522796353 [7, 689, 0, 0, 0] [0, 2, 0, 0, 0] 1 31 0
2 0.241641337386 [3, 474, 0, 0, 0] [0, 2, 0, 0, 0] 1 22 0
7 0.317629179331 [1, 81, 390, 0, 0] [0, 2, 2, 0, 0] 1 15 0
7 0.348024316109 [4, 4, 83, 0, 0] [0, 2, 4, 0, 0] 1 10 0
7 0.344984802432 [0, 42, 438, 17, 0] [0, 2, 11, 0, 0] 2 9 0
7 0.316109422492 [1, 173, 140, 0, 0] [0, 2, 2, 0, 0] 1 11 0
7 0.311550151976 [1, 99, 334, 0, 0] [0, 2, 3, 0, 0] 1 14 0
7 0.326747720365 [2, 67, 149, 0, 0] [0, 2, 3, 0, 0] 1 11 0
7 0.340425531915 [0, 47, 407, 50, 0] [0, 2, 10, 0, 0] 2 12 0
7 0.326747720365 [1, 77, 234, 0, 0] [0, 2, 7, 0, 0] 1 9 0
7 0.325227963526 [1, 35, 246, 21, 0] [0, 2, 8, 0, 0] 1 8 0
7 0.303951367781 [2, 104, 339, 0, 0] [0, 2, 2, 0, 0] 1 19 0
12 0.357142857143 [0, 5, 405, 195, 7] [0, 2, 14, 0, 0] 2 6 0
12 0.381458966565 [0, 5, 314, 64, 11] [0, 2, 14, 0, 0] 2 5 0
12 0.360182370821 [1, 23, 340, 8, 0] [0, 2, 11, 0, 0] 1 9 0
12 0.358662613982 [0, 27, 298, 33, 1] [0, 2, 10, 0, 0] 2 7 0
12 0.355623100304 [0, 13, 382, 171, 5] [0, 2, 14, 0, 0] 2 7 0
12 0.363221884498 [1, 20, 151, 24, 0] [0, 2, 8, 0, 0] 1 8 0
12 0.376899696049 [0, 4, 174, 159, 3] [0, 2, 14, 0, 0] 2 4 0
12 0.354103343465 [0, 29, 310, 46, 2] [0, 2, 9, 0, 0] 2 6 0
12 0.376899696049 [0, 10, 108, 110, 8] [0, 2, 14, 0, 0] 2 5 0
12 0.382978723404 [0, 28, 213, 50, 0] [0, 2, 12, 0, 0] 2 6 0
17 0.372340425532 [0, 14, 177, 98, 5] [0, 2, 0, 0, 0] 2 5 0
17 0.378419452888 [1, 2, 132, 51, 2] [0, 2, 13, 0, 0] 1 6 0
17 0.384498480243 [0, 23, 142, 40, 1] [0, 2, 13, 0, 0] 2 7 0
17 0.404255319149 [0, 4, 210, 102, 0] [0, 2, 14, 0, 0] 2 5 0
17 0.372340425532 [0, 16, 294, 44, 0] [0, 2, 14, 0, 0] 2 7 0
17 0.38905775076 [0, 2, 49, 39, 5] [0, 2, 14, 0, 0] 2 2 0
17 0.376899696049 [0, 19, 204, 65, 1] [0, 2, 14, 0, 0] 2 6 0
17 0.37537993921 [0, 2, 196, 124, 0] [0, 2, 14, 0, 0] 2 3 0
17 0.378419452888 [0, 7, 179, 1, 0] [0, 2, 14, 0, 0] 2 5 0
17 0.378419452888 [0, 12, 185, 119, 2] [0, 2, 14, 0, 0] 2 6 0
22 0.381458966565 [0, 4, 68, 6, 0] [0, 2, 14, 0, 0] 2 2 0
22 0.393617021277 [0, 2, 45, 0, 0] [0, 2, 14, 0, 0] 2 0 1
22 0.401215805471 [0, 12, 69, 0, 0] [0, 2, 14, 0, 0] 2 3 0
22 0.40273556231 [0, 5, 52, 44, 17] [0, 2, 14, 0, 0] 2 3 0
22 0.40273556231 [0, 2, 71, 120, 16] [0, 2, 14, 0, 0] 2 3 0
22 0.384498480243 [0, 18, 82, 25, 0] [0, 2, 14, 0, 0] 2 3 0
22 0.381458966565 [0, 2, 44, 45, 71] [0, 2, 14, 0, 0] 2 2 0
22 0.38905775076 [0, 2, 50, 0, 0] [0, 2, 14, 0, 0] 2 0 1
22 0.392097264438 [0, 5, 170, 5, 0] [0, 2, 14, 0, 0] 2 3 0
22 0.398176291793 [0, 2, 67, 77, 53] [0, 2, 14, 0, 0] 2 3 0
27 0.393617021277 [0, 2, 48, 0, 0] [0, 2, 14, 0, 0] 2 0 1
27 0.392097264438 [0, 2, 118, 0, 0] [0, 2, 14, 0, 0] 2 4 0
27 0.392097264438 [0, 2, 48, 30, 51] [0, 2, 14, 0, 0] 2 2 0
27 0.392097264438 [0, 2, 56, 35, 14] [0, 2, 14, 0, 0] 2 3 0
27 0.393617021277 [0, 2, 50, 0, 0] [0, 2, 14, 0, 0] 2 0 1
27 0.396656534954 [0, 2, 74, 61, 13] [0, 2, 14, 0, 0] 2 2 0
27 0.38905775076 [0, 2, 81, 152, 0] [0, 2, 14, 0, 0] 2 2 0
27 0.411854103343 [0, 4, 66, 84, 0] [0, 2, 14, 0, 0] 2 2 0
27 0.408814589666 [0, 2, 45, 28, 35] [0, 2, 14, 0, 0] 2 2 0
27 0.393617021277 [0, 2, 94, 86, 13] [0, 2, 14, 0, 0] 2 4 0
32 0.396656534954 [0, 3, 77, 78, 40] [0, 2, 14, 0, 0] 2 4 0
32 0.414893617021 [0, 2, 54, 86, 12] [0, 2, 14, 0, 0] 2 3 0
32 0.395136778116 [0, 2, 79, 65, 38] [0, 2, 14, 0, 0] 2 3 0
32 0.393617021277 [0, 2, 50, 0, 0] [0, 2, 14, 0, 0] 2 0 1
32 0.407294832827 [0, 2, 45, 0, 0] [0, 2, 14, 0, 0] 2 0 1
32 0.40273556231 [0, 2, 40, 0, 0] [0, 2, 14, 0, 0] 2 0 1
32 0.413373860182 [0, 2, 40, 0, 0] [0, 2, 14, 0, 0] 2 0 1
32 0.414893617021 [0, 2, 59, 65, 36] [0, 2, 14, 0, 0] 2 3 0
32 0.405775075988 [0, 2, 92, 41, 21] [0, 2, 14, 0, 0] 2 2 0
32 0.404255319149 [0, 2, 45, 0, 0] [0, 2, 14, 0, 0] 2 0 1
37 0.422492401216 [0, 2, 32, 0, 0] [0, 2, 14, 0, 0] 2 0 1
37 0.399696048632 [0, 2, 52, 116, 0] [0, 2, 14, 0, 0] 2 2 0
37 0.398176291793 [0, 2, 45, 0, 0] [0, 2, 14, 0, 0] 2 0 1
37 0.401215805471 [0, 2, 27, 0, 0] [0, 2, 14, 0, 0] 2 0 1
37 0.395136778116 [0, 2, 40, 0, 0] [0, 2, 14, 0, 0] 2 0 1
37 0.399696048632 [0, 2, 45, 0, 0] [0, 2, 14, 0, 0] 2 0 1
37 0.396656534954 [0, 2, 44, 69, 26] [0, 2, 14, 0, 0] 2 2 0
37 0.411854103343 [0, 2, 28, 0, 0] [0, 2, 14, 0, 0] 2 0 1
37 0.401215805471 [0, 2, 40, 0, 0] [0, 2, 14, 0, 0] 2 0 1
37 0.410334346505 [0, 2, 40, 0, 0] [0, 2, 14, 0, 0] 2 0 1
42 0.419452887538 [0, 2, 47, 79, 89] [0, 2, 14, 0, 0] 2 3 0
42 0.396656534954 [0, 2, 40, 9, 0] [0, 2, 14, 0, 0] 2 0 1
42 0.407294832827 [0, 2, 40, 0, 0] [0, 2, 14, 0, 0] 2 0 1
42 0.414893617021 [0, 2, 32, 0, 0] [0, 2, 14, 0, 0] 2 0 1
42 0.410334346505 [0, 3, 48, 0, 0] [0, 2, 14, 0, 0] 2 2 0
42 0.40273556231 [0, 2, 32, 0, 0] [0, 2, 14, 0, 0] 2 0 1
42 0.410334346505 [0, 2, 24, 0, 0] [0, 2, 14, 0, 0] 2 0 1
42 0.40273556231 [0, 2, 52, 118, 0] [0, 2, 14, 0, 0] 2 2 0
42 0.411854103343 [0, 2, 32, 0, 0] [0, 2, 14, 0, 0] 2 0 1
42 0.398176291793 [0, 2, 50, 0, 0] [0, 2, 14, 0, 0] 2 0 1
47 0.414893617021 [0, 2, 32, 0, 0] [0, 2, 14, 0, 0] 2 0 1
47 0.419452887538 [0, 2, 24, 0, 0] [0, 2, 14, 0, 0] 2 0 1
47 0.405775075988 [0, 2, 26, 5, 0] [0, 2, 14, 0, 0] 2 2 0
47 0.424012158055 [0, 2, 40, 0, 0] [0, 2, 14, 0, 0] 2 0 1
47 0.405775075988 [0, 2, 45, 0, 0] [0, 2, 14, 0, 0] 2 0 1
47 0.407294832827 [0, 2, 36, 23, 0] [0, 2, 14, 0, 0] 2 2 0
47 0.425531914894 [0, 2, 45, 0, 0] [0, 2, 14, 0, 0] 2 0 1
47 0.408814589666 [0, 2, 27, 10, 2] [0, 2, 14, 0, 0] 2 2 0
47 0.398176291793 [0, 2, 37, 0, 0] [0, 2, 14, 0, 0] 2 0 1
47 0.410334346505 [0, 2, 36, 0, 0] [0, 2, 14, 0, 0] 2 0 1
52 0.431610942249 [0, 2, 45, 0, 0] [0, 2, 14, 0, 0] 2 0 1
52 0.408814589666 [0, 2, 35, 7, 0] [0, 2, 14, 0, 0] 2 2 0
52 0.41641337386 [0, 2, 40, 0, 0] [0, 2, 14, 0, 0] 2 0 1
52 0.405775075988 [0, 2, 40, 0, 0] [0, 2, 14, 0, 0] 2 0 1
52 0.436170212766 [0, 2, 36, 0, 0] [0, 2, 14, 0, 0] 2 0 1
52 0.410334346505 [0, 2, 24, 0, 0] [0, 2, 14, 0, 0] 2 0 1
52 0.410334346505 [0, 2, 40, 0, 0] [0, 2, 14, 0, 0] 2 0 1
52 0.408814589666 [0, 2, 85, 72, 11] [0, 2, 14, 0, 0] 2 4 0
52 0.414893617021 [0, 2, 32, 0, 0] [0, 2, 14, 0, 0] 2 0 1
52 0.399696048632 [0, 2, 71, 45, 22] [0, 2, 14, 0, 0] 2 2 0
57 0.407294832827 [0, 2, 45, 0, 0] [0, 2, 14, 0, 0] 2 0 1
57 0.404255319149 [0, 2, 29, 64, 84] [0, 2, 14, 0, 0] 2 3 0
57 0.431610942249 [0, 2, 32, 0, 0] [0, 2, 14, 0, 0] 2 0 1
57 0.43009118541 [0, 2, 28, 0, 0] [0, 2, 14, 0, 0] 2 0 1
57 0.408814589666 [0, 3, 32, 0, 0] [0, 2, 14, 0, 0] 2 0 1
57 0.414893617021 [0, 2, 40, 0, 0] [0, 2, 14, 0, 0] 2 0 1
57 0.41641337386 [0, 2, 24, 0, 0] [0, 2, 14, 0, 0] 2 0 1
57 0.411854103343 [0, 2, 45, 0, 0] [0, 2, 14, 0, 0] 2 0 1
57 0.420972644377 [0, 2, 36, 0, 0] [0, 2, 14, 0, 0] 2 0 1
57 0.407294832827 [0, 2, 36, 0, 0] [0, 2, 14, 0, 0] 2 0 1
62 0.419452887538 [0, 2, 36, 0, 0] [0, 2, 14, 0, 0] 2 0 1
62 0.411854103343 [0, 2, 41, 0, 0] [0, 2, 14, 0, 0] 2 0 1
62 0.41641337386 [0, 2, 32, 0, 0] [0, 2, 14, 0, 0] 2 0 1
62 0.40273556231 [0, 2, 45, 0, 0] [0, 2, 14, 0, 0] 2 0 1
62 0.417933130699 [0, 2, 28, 0, 0] [0, 2, 14, 0, 0] 2 0 1
62 0.420972644377 [0, 2, 28, 0, 0] [0, 2, 14, 0, 0] 2 0 1
62 0.410334346505 [0, 2, 36, 0, 0] [0, 2, 14, 0, 0] 2 0 1
62 0.411854103343 [0, 2, 36, 0, 0] [0, 2, 14, 0, 0] 2 0 1
62 0.410334346505 [0, 2, 54, 0, 0] [0, 2, 14, 0, 0] 2 2 0
62 0.417933130699 [0, 2, 40, 0, 0] [0, 2, 14, 0, 0] 2 0 1
67 0.425531914894 [0, 2, 36, 0, 0] [0, 2, 14, 0, 0] 2 0 1
67 0.419452887538 [0, 2, 36, 0, 0] [0, 2, 14, 0, 0] 2 0 1
67 0.420972644377 [0, 2, 32, 0, 0] [0, 2, 14, 0, 0] 2 0 1
67 0.408814589666 [0, 2, 32, 0, 0] [0, 2, 14, 0, 0] 2 0 1
67 0.414893617021 [0, 2, 28, 0, 0] [0, 2, 14, 0, 0] 2 0 1
67 0.41641337386 [0, 2, 21, 0, 0] [0, 2, 14, 0, 0] 2 0 1
67 0.410334346505 [0, 2, 36, 0, 0] [0, 2, 14, 0, 0] 2 0 1
67 0.417933130699 [0, 2, 40, 0, 0] [0, 2, 14, 0, 0] 2 0 1
67 0.433130699088 [0, 2, 28, 0, 0] [0, 2, 14, 0, 0] 2 0 1
67 0.425531914894 [0, 2, 36, 0, 0] [0, 2, 14, 0, 0] 2 0 1
72 0.408814589666 [0, 2, 35, 0, 0] [0, 2, 14, 0, 0] 2 0 1
72 0.411854103343 [0, 2, 35, 0, 0] [0, 2, 14, 0, 0] 2 0 1
72 0.420972644377 [0, 2, 28, 0, 0] [0, 2, 14, 0, 0] 2 0 1
72 0.424012158055 [0, 2, 36, 0, 0] [0, 2, 14, 0, 0] 2 0 1
72 0.420972644377 [0, 2, 40, 0, 0] [0, 2, 14, 0, 0] 2 0 1
72 0.41641337386 [0, 2, 34, 10, 0] [0, 2, 14, 0, 0] 2 3 0
72 0.422492401216 [0, 2, 21, 0, 0] [0, 2, 14, 0, 0] 2 0 1
72 0.431610942249 [0, 2, 24, 0, 0] [0, 2, 14, 0, 0] 2 0 1
72 0.410334346505 [0, 2, 28, 0, 0] [0, 2, 14, 0, 0] 2 0 1
72 0.433130699088 [0, 2, 32, 0, 0] [0, 2, 14, 0, 0] 2 0 1
77 0.433130699088 [0, 2, 24, 0, 0] [0, 2, 14, 0, 0] 2 0 1
77 0.413373860182 [0, 2, 24, 0, 0] [0, 2, 14, 0, 0] 2 0 1
77 0.427051671733 [0, 2, 32, 0, 0] [0, 2, 14, 0, 0] 2 0 1
77 0.41641337386 [0, 2, 21, 0, 0] [0, 2, 14, 0, 0] 2 0 1
77 0.437689969605 [0, 2, 32, 0, 0] [0, 2, 14, 0, 0] 2 0 1
77 0.424012158055 [0, 2, 36, 0, 0] [0, 2, 14, 0, 0] 2 0 1
77 0.414893617021 [0, 2, 32, 0, 0] [0, 2, 14, 0, 0] 2 0 1
77 0.436170212766 [0, 2, 24, 0, 0] [0, 2, 14, 0, 0] 2 0 1
77 0.433130699088 [0, 2, 32, 0, 0] [0, 2, 14, 0, 0] 2 0 1
77 0.431610942249 [0, 2, 32, 0, 0] [0, 2, 14, 0, 0] 2 0 1
82 0.410334346505 [0, 2, 40, 0, 0] [0, 2, 14, 0, 0] 2 0 1
82 0.405775075988 [0, 2, 32, 0, 0] [0, 2, 14, 0, 0] 2 0 1
82 0.434650455927 [0, 2, 28, 0, 0] [0, 2, 14, 0, 0] 2 0 1
82 0.427051671733 [0, 2, 36, 0, 0] [0, 2, 14, 0, 0] 2 0 1
82 0.449848024316 [0, 2, 28, 0, 0] [0, 2, 14, 0, 0] 2 0 1
82 0.413373860182 [0, 2, 32, 0, 0] [0, 2, 14, 0, 0] 2 0 1
82 0.417933130699 [0, 2, 28, 0, 0] [0, 2, 14, 0, 0] 2 0 1
82 0.41641337386 [0, 2, 32, 0, 0] [0, 2, 14, 0, 0] 2 0 1
82 0.417933130699 [0, 2, 27, 0, 0] [0, 2, 14, 0, 0] 2 0 1
82 0.425531914894 [0, 2, 28, 0, 0] [0, 2, 14, 0, 0] 2 0 1
87 0.436170212766 [0, 2, 36, 0, 0] [0, 2, 14, 0, 0] 2 0 1
87 0.410334346505 [0, 2, 28, 0, 0] [0, 2, 14, 0, 0] 2 0 1
87 0.440729483283 [0, 2, 35, 0, 0] [0, 2, 14, 0, 0] 2 0 1
87 0.414893617021 [0, 2, 27, 18, 0] [0, 2, 14, 0, 0] 2 2 0
87 0.43009118541 [0, 2, 32, 0, 0] [0, 2, 14, 0, 0] 2 0 1
87 0.424012158055 [0, 2, 40, 0, 0] [0, 2, 14, 0, 0] 2 0 1
87 0.413373860182 [0, 2, 24, 0, 0] [0, 2, 14, 0, 0] 2 0 1
87 0.433130699088 [0, 2, 32, 0, 0] [0, 2, 14, 0, 0] 2 0 1
87 0.419452887538 [0, 2, 40, 0, 0] [0, 2, 14, 0, 0] 2 0 1
87 0.431610942249 [0, 2, 35, 0, 0] [0, 2, 14, 0, 0] 2 0 1
92 0.422492401216 [0, 2, 24, 0, 0] [0, 2, 14, 0, 0] 2 0 1
92 0.417933130699 [0, 2, 21, 0, 0] [0, 2, 14, 0, 0] 2 0 1
92 0.434650455927 [0, 2, 32, 0, 0] [0, 2, 14, 0, 0] 2 0 1
92 0.411854103343 [0, 2, 36, 0, 0] [0, 2, 14, 0, 0] 2 0 1
92 0.425531914894 [0, 2, 21, 0, 0] [0, 2, 14, 0, 0] 2 0 1
92 0.414893617021 [0, 2, 24, 0, 0] [0, 2, 14, 0, 0] 2 0 1
92 0.41641337386 [0, 2, 32, 0, 0] [0, 2, 14, 0, 0] 2 0 1
92 0.424012158055 [0, 2, 32, 0, 0] [0, 2, 14, 0, 0] 2 0 1
92 0.417933130699 [0, 2, 24, 0, 0] [0, 2, 14, 0, 0] 2 0 1
92 0.417933130699 [0, 2, 40, 0, 0] [0, 2, 14, 0, 0] 2 0 1
97 0.436170212766 [0, 2, 28, 0, 0] [0, 2, 14, 0, 0] 2 0 1
97 0.440729483283 [0, 2, 21, 0, 0] [0, 2, 14, 0, 0] 2 0 1
97 0.428571428571 [0, 2, 24, 0, 0] [0, 2, 14, 0, 0] 2 0 1
97 0.419452887538 [0, 2, 32, 0, 0] [0, 2, 14, 0, 0] 2 0 1
97 0.425531914894 [0, 2, 28, 0, 0] [0, 2, 14, 0, 0] 2 0 1
97 0.427051671733 [0, 2, 21, 0, 0] [0, 2, 14, 0, 0] 2 0 1
97 0.433130699088 [0, 2, 32, 0, 0] [0, 2, 14, 0, 0] 2 0 1
97 0.420972644377 [0, 2, 32, 0, 0] [0, 2, 14, 0, 0] 2 0 1
97 0.433130699088 [0, 2, 21, 0, 0] [0, 2, 14, 0, 0] 2 0 1
97 0.414893617021 [0, 2, 24, 0, 0] [0, 2, 14, 0, 0] 2 0 1
102 0.425531914894 [0, 2, 28, 0, 0] [0, 2, 14, 0, 0] 2 0 1
102 0.425531914894 [0, 2, 21, 0, 0] [0, 2, 14, 0, 0] 2 0 1
102 0.437689969605 [0, 2, 21, 0, 0] [0, 2, 14, 0, 0] 2 0 1
102 0.448328267477 [0, 2, 28, 0, 0] [0, 2, 14, 0, 0] 2 0 1
102 0.428571428571 [0, 2, 32, 0, 0] [0, 2, 14, 0, 0] 2 0 1
102 0.424012158055 [0, 2, 21, 0, 0] [0, 2, 14, 0, 0] 2 0 1
102 0.425531914894 [0, 2, 24, 0, 0] [0, 2, 14, 0, 0] 2 0 1
102 0.442249240122 [0, 2, 21, 0, 0] [0, 2, 14, 0, 0] 2 0 1
102 0.446808510638 [0, 2, 28, 0, 0] [0, 2, 14, 0, 0] 2 0 1
102 0.437689969605 [0, 2, 21, 0, 0] [0, 2, 14, 0, 0] 2 0 1
107 0.439209726444 [0, 2, 40, 0, 0] [0, 2, 14, 0, 0] 2 0 1
107 0.417933130699 [0, 2, 24, 0, 0] [0, 2, 14, 0, 0] 2 0 1
107 0.445288753799 [0, 2, 21, 0, 0] [0, 2, 14, 0, 0] 2 0 1
107 0.425531914894 [0, 2, 32, 0, 0] [0, 2, 14, 0, 0] 2 0 1
107 0.437689969605 [0, 2, 28, 0, 0] [0, 2, 14, 0, 0] 2 0 1
107 0.436170212766 [0, 2, 21, 0, 0] [0, 2, 14, 0, 0] 2 0 1
107 0.446808510638 [0, 2, 21, 0, 0] [0, 2, 14, 0, 0] 2 0 1
107 0.437689969605 [0, 2, 21, 0, 0] [0, 2, 14, 0, 0] 2 0 1
107 0.427051671733 [0, 2, 21, 0, 0] [0, 2, 14, 0, 0] 2 0 1
107 0.414893617021 [0, 2, 21, 0, 0] [0, 2, 14, 0, 0] 2 0 1
112 0.431610942249 [0, 2, 24, 0, 0] [0, 2, 14, 0, 0] 2 0 1
112 0.425531914894 [0, 2, 21, 0, 0] [0, 2, 14, 0, 0] 2 0 1
112 0.440729483283 [0, 2, 28, 0, 0] [0, 2, 14, 0, 0] 2 0 1
112 0.41641337386 [0, 2, 32, 0, 0] [0, 2, 14, 0, 0] 2 0 1
112 0.417933130699 [0, 2, 32, 0, 0] [0, 2, 14, 0, 0] 2 0 1
112 0.414893617021 [0, 2, 28, 0, 0] [0, 2, 14, 0, 0] 2 0 1
112 0.420972644377 [0, 2, 28, 0, 0] [0, 2, 14, 0, 0] 2 0 1
112 0.44376899696 [0, 2, 24, 0, 0] [0, 2, 14, 0, 0] 2 0 1
112 0.437689969605 [0, 2, 24, 0, 0] [0, 2, 14, 0, 0] 2 0 1
112 0.433130699088 [0, 2, 21, 0, 0] [0, 2, 14, 0, 0] 2 0 1
117 0.431610942249 [0, 2, 21, 0, 0] [0, 2, 14, 0, 0] 2 0 1
117 0.428571428571 [0, 2, 35, 0, 0] [0, 2, 14, 0, 0] 2 0 1
117 0.419452887538 [0, 2, 21, 0, 0] [0, 2, 14, 0, 0] 2 0 1
117 0.44376899696 [0, 2, 21, 0, 0] [0, 2, 14, 0, 0] 2 0 1
117 0.434650455927 [0, 2, 24, 0, 0] [0, 2, 14, 0, 0] 2 0 1
117 0.422492401216 [0, 2, 21, 0, 0] [0, 2, 14, 0, 0] 2 0 1
117 0.424012158055 [0, 2, 36, 0, 0] [0, 2, 14, 0, 0] 2 0 1
117 0.437689969605 [0, 2, 21, 0, 0] [0, 2, 14, 0, 0] 2 0 1
117 0.425531914894 [0, 2, 24, 0, 0] [0, 2, 14, 0, 0] 2 0 1
117 0.422492401216 [0, 2, 27, 0, 0] [0, 2, 14, 0, 0] 2 0 1
122 0.436170212766 [0, 2, 28, 0, 0] [0, 2, 14, 0, 0] 2 0 1
122 0.44376899696 [0, 2, 21, 0, 0] [0, 2, 14, 0, 0] 2 0 1
122 0.428571428571 [0, 2, 21, 0, 0] [0, 2, 14, 0, 0] 2 0 1
122 0.428571428571 [0, 2, 21, 0, 0] [0, 2, 14, 0, 0] 2 0 1
122 0.431610942249 [0, 2, 28, 0, 0] [0, 2, 14, 0, 0] 2 0 1
122 0.431610942249 [0, 2, 28, 0, 0] [0, 2, 14, 0, 0] 2 0 1
122 0.428571428571 [0, 2, 40, 0, 0] [0, 2, 14, 0, 0] 2 0 1
122 0.427051671733 [0, 2, 21, 0, 0] [0, 2, 14, 0, 0] 2 0 1
122 0.428571428571 [0, 2, 28, 0, 0] [0, 2, 14, 0, 0] 2 0 1
122 0.428571428571 [0, 2, 24, 0, 0] [0, 2, 14, 0, 0] 2 0 1
127 0.440729483283 [0, 2, 24, 0, 0] [0, 2, 14, 0, 0] 2 0 1
127 0.442249240122 [0, 2, 28, 0, 0] [0, 2, 14, 0, 0] 2 0 1
127 0.428571428571 [0, 2, 21, 0, 0] [0, 2, 14, 0, 0] 2 0 1
127 0.439209726444 [0, 2, 28, 0, 0] [0, 2, 14, 0, 0] 2 0 1
127 0.439209726444 [0, 2, 21, 0, 0] [0, 2, 14, 0, 0] 2 0 1
127 0.440729483283 [0, 2, 21, 0, 0] [0, 2, 14, 0, 0] 2 0 1
127 0.439209726444 [0, 2, 21, 0, 0] [0, 2, 14, 0, 0] 2 0 1
127 0.437689969605 [0, 2, 24, 0, 0] [0, 2, 14, 0, 0] 2 0 1
127 0.440729483283 [0, 2, 24, 0, 0] [0, 2, 14, 0, 0] 2 0 1
127 0.437689969605 [0, 2, 28, 0, 0] [0, 2, 14, 0, 0] 2 0 1
132 0.440729483283 [0, 2, 28, 0, 0] [0, 2, 14, 0, 0] 2 0 1
132 0.428571428571 [0, 2, 21, 0, 0] [0, 2, 14, 0, 0] 2 0 1
132 0.445288753799 [0, 2, 21, 0, 0] [0, 2, 14, 0, 0] 2 0 1
132 0.424012158055 [0, 2, 28, 0, 0] [0, 2, 14, 0, 0] 2 0 1
132 0.439209726444 [0, 2, 21, 0, 0] [0, 2, 14, 0, 0] 2 0 1
132 0.445288753799 [0, 2, 32, 0, 0] [0, 2, 14, 0, 0] 2 0 1
132 0.436170212766 [0, 2, 21, 0, 0] [0, 2, 14, 0, 0] 2 0 1
132 0.439209726444 [0, 2, 24, 0, 0] [0, 2, 14, 0, 0] 2 0 1
132 0.440729483283 [0, 2, 32, 0, 0] [0, 2, 14, 0, 0] 2 0 1
132 0.427051671733 [0, 2, 28, 0, 0] [0, 2, 14, 0, 0] 2 0 1
137 0.445288753799 [0, 2, 21, 0, 0] [0, 2, 14, 0, 0] 2 0 1
137 0.445288753799 [0, 2, 21, 0, 0] [0, 2, 14, 0, 0] 2 0 1
137 0.44376899696 [0, 2, 21, 0, 0] [0, 2, 14, 0, 0] 2 0 1
137 0.433130699088 [0, 2, 24, 0, 0] [0, 2, 14, 0, 0] 2 0 1
137 0.446808510638 [0, 2, 21, 0, 0] [0, 2, 14, 0, 0] 2 0 1
137 0.425531914894 [0, 2, 21, 0, 0] [0, 2, 14, 0, 0] 2 0 1
137 0.445288753799 [0, 2, 24, 0, 0] [0, 2, 14, 0, 0] 2 0 1
137 0.446808510638 [0, 2, 21, 0, 0] [0, 2, 14, 0, 0] 2 0 1
137 0.427051671733 [0, 2, 28, 0, 0] [0, 2, 14, 0, 0] 2 0 1
137 0.44376899696 [0, 2, 21, 0, 0] [0, 2, 14, 0, 0] 2 0 1
142 0.446808510638 [0, 2, 21, 0, 0] [0, 2, 14, 0, 0] 2 0 1
142 0.434650455927 [0, 2, 28, 0, 0] [0, 2, 14, 0, 0] 2 0 1
142 0.44376899696 [0, 2, 28, 0, 0] [0, 2, 14, 0, 0] 2 0 1
142 0.448328267477 [0, 2, 21, 0, 0] [0, 2, 14, 0, 0] 2 0 1
142 0.436170212766 [0, 2, 24, 0, 0] [0, 2, 14, 0, 0] 2 0 1
142 0.43009118541 [0, 2, 21, 0, 0] [0, 2, 14, 0, 0] 2 0 1
142 0.440729483283 [0, 2, 28, 0, 0] [0, 2, 14, 0, 0] 2 0 1
142 0.434650455927 [0, 2, 21, 0, 0] [0, 2, 14, 0, 0] 2 0 1
142 0.442249240122 [0, 2, 24, 0, 0] [0, 2, 14, 0, 0] 2 0 1
142 0.422492401216 [0, 2, 21, 0, 0] [0, 2, 14, 0, 0] 2 0 1
147 0.439209726444 [0, 2, 24, 0, 0] [0, 2, 14, 0, 0] 2 0 1
147 0.449848024316 [0, 2, 21, 0, 0] [0, 2, 14, 0, 0] 2 0 1
147 0.445288753799 [0, 2, 24, 0, 0] [0, 2, 14, 0, 0] 2 0 1
147 0.442249240122 [0, 2, 24, 0, 0] [0, 2, 14, 0, 0] 2 0 1
147 0.428571428571 [0, 2, 21, 0, 0] [0, 2, 14, 0, 0] 2 0 1
147 0.446808510638 [0, 2, 21, 0, 0] [0, 2, 14, 0, 0] 2 0 1
147 0.434650455927 [0, 2, 28, 0, 0] [0, 2, 14, 0, 0] 2 0 1
147 0.448328267477 [0, 2, 21, 0, 0] [0, 2, 14, 0, 0] 2 0 1
147 0.434650455927 [0, 2, 28, 0, 0] [0, 2, 14, 0, 0] 2 0 1
147 0.442249240122 [0, 2, 21, 0, 0] [0, 2, 14, 0, 0] 2 0 1
152 0.44376899696 [0, 2, 21, 0, 0] [0, 2, 14, 0, 0] 2 0 1
152 0.445288753799 [0, 2, 24, 0, 0] [0, 2, 14, 0, 0] 2 0 1
152 0.442249240122 [0, 2, 28, 0, 0] [0, 2, 14, 0, 0] 2 0 1
152 0.434650455927 [0, 2, 28, 0, 0] [0, 2, 14, 0, 0] 2 0 1
152 0.442249240122 [0, 2, 21, 0, 0] [0, 2, 14, 0, 0] 2 0 1
152 0.446808510638 [0, 2, 21, 0, 0] [0, 2, 14, 0, 0] 2 0 1
152 0.449848024316 [0, 2, 21, 0, 0] [0, 2, 14, 0, 0] 2 0 1
152 0.445288753799 [0, 2, 28, 0, 0] [0, 2, 14, 0, 0] 2 0 1
152 0.433130699088 [0, 2, 21, 0, 0] [0, 2, 14, 0, 0] 2 0 1
152 0.449848024316 [0, 2, 21, 0, 0] [0, 2, 14, 0, 0] 2 0 1
157 0.449848024316 [0, 2, 21, 0, 0] [0, 2, 14, 0, 0] 2 0 1
157 0.449848024316 [0, 2, 21, 0, 0] [0, 2, 14, 0, 0] 2 0 1
157 0.448328267477 [0, 2, 21, 0, 0] [0, 2, 14, 0, 0] 2 0 1
157 0.448328267477 [0, 2, 21, 0, 0] [0, 2, 14, 0, 0] 2 0 1
157 0.448328267477 [0, 2, 21, 0, 0] [0, 2, 14, 0, 0] 2 0 1
157 0.448328267477 [0, 2, 21, 0, 0] [0, 2, 14, 0, 0] 2 0 1
157 0.44376899696 [0, 2, 21, 0, 0] [0, 2, 14, 0, 0] 2 0 1
157 0.431610942249 [0, 2, 28, 0, 0] [0, 2, 14, 0, 0] 2 0 1
157 0.446808510638 [0, 2, 28, 0, 0] [0, 2, 14, 0, 0] 2 0 1
157 0.439209726444 [0, 2, 24, 0, 0] [0, 2, 14, 0, 0] 2 0 1
162 0.442249240122 [0, 2, 21, 0, 0] [0, 2, 14, 0, 0] 2 0 1
162 0.44376899696 [0, 2, 21, 0, 0] [0, 2, 14, 0, 0] 2 0 1
162 0.440729483283 [0, 2, 24, 0, 0] [0, 2, 14, 0, 0] 2 0 1
162 0.436170212766 [0, 2, 21, 0, 0] [0, 2, 14, 0, 0] 2 0 1
162 0.448328267477 [0, 2, 21, 0, 0] [0, 2, 14, 0, 0] 2 0 1
162 0.449848024316 [0, 2, 21, 0, 0] [0, 2, 14, 0, 0] 2 0 1
162 0.439209726444 [0, 2, 21, 0, 0] [0, 2, 14, 0, 0] 2 0 1
162 0.442249240122 [0, 2, 24, 0, 0] [0, 2, 14, 0, 0] 2 0 1
162 0.44376899696 [0, 2, 21, 0, 0] [0, 2, 14, 0, 0] 2 0 1
162 0.449848024316 [0, 2, 21, 0, 0] [0, 2, 14, 0, 0] 2 0 1
167 0.431610942249 [0, 2, 28, 0, 0] [0, 2, 14, 0, 0] 2 0 1
167 0.449848024316 [0, 2, 21, 0, 0] [0, 2, 14, 0, 0] 2 0 1
167 0.439209726444 [0, 2, 24, 0, 0] [0, 2, 14, 0, 0] 2 0 1
167 0.434650455927 [0, 2, 21, 0, 0] [0, 2, 14, 0, 0] 2 0 1
167 0.440729483283 [0, 2, 21, 0, 0] [0, 2, 14, 0, 0] 2 0 1
167 0.449848024316 [0, 2, 21, 0, 0] [0, 2, 14, 0, 0] 2 0 1
167 0.445288753799 [0, 2, 21, 0, 0] [0, 2, 14, 0, 0] 2 0 1
167 0.442249240122 [0, 2, 21, 0, 0] [0, 2, 14, 0, 0] 2 0 1
167 0.449848024316 [0, 2, 21, 0, 0] [0, 2, 14, 0, 0] 2 0 1
167 0.449848024316 [0, 2, 21, 0, 0] [0, 2, 14, 0, 0] 2 0 1
172 0.445288753799 [0, 2, 21, 0, 0] [0, 2, 14, 0, 0] 2 0 1
172 0.436170212766 [0, 2, 21, 0, 0] [0, 2, 14, 0, 0] 2 0 1
172 0.449848024316 [0, 2, 21, 0, 0] [0, 2, 14, 0, 0] 2 0 1
172 0.449848024316 [0, 2, 21, 0, 0] [0, 2, 14, 0, 0] 2 0 1
172 0.449848024316 [0, 2, 21, 0, 0] [0, 2, 14, 0, 0] 2 0 1
172 0.449848024316 [0, 2, 21, 0, 0] [0, 2, 14, 0, 0] 2 0 1
172 0.449848024316 [0, 2, 21, 0, 0] [0, 2, 14, 0, 0] 2 0 1
172 0.449848024316 [0, 2, 21, 0, 0] [0, 2, 14, 0, 0] 2 0 1
172 0.449848024316 [0, 2, 21, 0, 0] [0, 2, 14, 0, 0] 2 0 1
172 0.449848024316 [0, 2, 21, 0, 0] [0, 2, 14, 0, 0] 2 0 1
177 0.449848024316 [0, 2, 21, 0, 0] [0, 2, 14, 0, 0] 2 0 1
177 0.446808510638 [0, 2, 21, 0, 0] [0, 2, 14, 0, 0] 2 0 1
177 0.449848024316 [0, 2, 21, 0, 0] [0, 2, 14, 0, 0] 2 0 1
177 0.448328267477 [0, 2, 21, 0, 0] [0, 2, 14, 0, 0] 2 0 1
177 0.436170212766 [0, 2, 21, 0, 0] [0, 2, 14, 0, 0] 2 0 1
177 0.449848024316 [0, 2, 21, 0, 0] [0, 2, 14, 0, 0] 2 0 1
177 0.449848024316 [0, 2, 21, 0, 0] [0, 2, 14, 0, 0] 2 0 1
177 0.445288753799 [0, 2, 21, 0, 0] [0, 2, 14, 0, 0] 2 0 1
177 0.449848024316 [0, 2, 21, 0, 0] [0, 2, 14, 0, 0] 2 0 1
177 0.449848024316 [0, 2, 21, 0, 0] [0, 2, 14, 0, 0] 2 0 1
182 0.449848024316 [0, 2, 21, 0, 0] [0, 2, 14, 0, 0] 2 0 1
182 0.449848024316 [0, 2, 21, 0, 0] [0, 2, 14, 0, 0] 2 0 1
182 0.449848024316 [0, 2, 21, 0, 0] [0, 2, 14, 0, 0] 2 0 1
182 0.448328267477 [0, 2, 21, 0, 0] [0, 2, 14, 0, 0] 2 0 1
182 0.449848024316 [0, 2, 21, 0, 0] [0, 2, 14, 0, 0] 2 0 1
182 0.449848024316 [0, 2, 21, 0, 0] [0, 2, 14, 0, 0] 2 0 1
182 0.449848024316 [0, 2, 21, 0, 0] [0, 2, 14, 0, 0] 2 0 1
182 0.449848024316 [0, 2, 21, 0, 0] [0, 2, 14, 0, 0] 2 0 1
182 0.449848024316 [0, 2, 21, 0, 0] [0, 2, 14, 0, 0] 2 0 1
182 0.449848024316 [0, 2, 21, 0, 0] [0, 2, 14, 0, 0] 2 0 1
187 0.449848024316 [0, 2, 21, 0, 0] [0, 2, 14, 0, 0] 2 0 1
187 0.449848024316 [0, 2, 21, 0, 0] [0, 2, 14, 0, 0] 2 0 1
187 0.449848024316 [0, 2, 21, 0, 0] [0, 2, 14, 0, 0] 2 0 1
187 0.449848024316 [0, 2, 21, 0, 0] [0, 2, 14, 0, 0] 2 0 1
187 0.449848024316 [0, 2, 21, 0, 0] [0, 2, 14, 0, 0] 2 0 1
187 0.449848024316 [0, 2, 21, 0, 0] [0, 2, 14, 0, 0] 2 0 1
187 0.449848024316 [0, 2, 21, 0, 0] [0, 2, 14, 0, 0] 2 0 1
187 0.449848024316 [0, 2, 21, 0, 0] [0, 2, 14, 0, 0] 2 0 1
187 0.449848024316 [0, 2, 21, 0, 0] [0, 2, 14, 0, 0] 2 0 1
187 0.449848024316 [0, 2, 21, 0, 0] [0, 2, 14, 0, 0] 2 0 1
