Cutoff 100
N1 10000
MaxLen1 12
Nsp D_var_sites Len_distribution WORKS_len_distribution Shortest_combination n_Independent_combinations n_Key_positions
2 0.135446685879 [0, 1, 493, 999, 213] [0, 0, 0, 0, 0] 2 10 0
2 0.088376560999 [0, 26, 1287, 263, 0] [0, 0, 0, 0, 0] 2 16 0
2 0.134486071085 [0, 7, 591, 738, 125] [0, 0, 0, 0, 0] 2 10 0
2 0.0797310278578 [0, 52, 1105, 103, 0] [0, 0, 0, 0, 0] 2 15 0
2 0.12199807877 [0, 4, 636, 814, 134] [0, 0, 0, 0, 0] 2 10 0
2 0.11911623439 [0, 5, 580, 844, 180] [0, 0, 0, 0, 0] 2 12 0
2 0.0730067243036 [0, 41, 1225, 80, 0] [0, 0, 0, 0, 0] 2 14 0
2 0.123919308357 [0, 2, 609, 908, 207] [0, 0, 0, 0, 0] 2 10 0
2 0.122958693564 [0, 40, 400, 297, 54] [0, 0, 0, 0, 0] 2 10 0
2 0.107588856868 [0, 5, 1163, 669, 0] [0, 0, 0, 0, 0] 2 12 0
3 0.168107588857 [0, 0, 241, 1048, 464] [0, 0, 0, 0, 0] 3 10 0
3 0.123919308357 [0, 0, 482, 1128, 264] [0, 0, 0, 0, 0] 3 9 0
3 0.143131604227 [0, 1, 748, 908, 156] [0, 0, 0, 0, 0] 2 11 0
3 0.170028818444 [0, 0, 112, 1000, 783] [0, 0, 0, 0, 0] 3 9 0
3 0.146013448607 [0, 1, 682, 930, 170] [0, 0, 0, 0, 0] 2 11 0
3 0.155619596542 [0, 6, 643, 729, 136] [0, 0, 0, 0, 0] 2 9 0
3 0.149855907781 [0, 0, 205, 1084, 627] [0, 0, 0, 0, 0] 3 10 0
3 0.151777137368 [0, 0, 86, 945, 962] [0, 0, 0, 0, 0] 3 8 0
3 0.167146974063 [0, 0, 55, 777, 1239] [0, 0, 0, 0, 0] 3 9 0
3 0.161383285303 [0, 5, 396, 811, 174] [0, 0, 0, 0, 0] 2 10 0
4 0.214217098943 [0, 0, 22, 517, 1357] [0, 0, 0, 0, 0] 3 4 0
4 0.16618635927 [0, 2, 171, 995, 496] [0, 0, 0, 0, 0] 2 8 0
4 0.170028818444 [0, 1, 156, 1113, 632] [0, 0, 0, 0, 0] 2 8 0
4 0.195004803074 [0, 2, 98, 1014, 705] [0, 0, 0, 0, 0] 2 9 0
4 0.168107588857 [0, 1, 237, 942, 557] [0, 0, 0, 0, 0] 2 9 0
4 0.174831892411 [0, 0, 54, 889, 1066] [0, 0, 0, 0, 0] 3 7 0
4 0.176753121998 [0, 1, 194, 970, 534] [0, 0, 0, 0, 0] 2 9 0
4 0.151777137368 [0, 2, 407, 883, 356] [0, 0, 0, 0, 0] 2 10 0
4 0.160422670509 [0, 4, 426, 1025, 269] [0, 0, 0, 0, 0] 2 12 0
4 0.197886647454 [0, 3, 96, 780, 626] [0, 0, 0, 0, 0] 2 9 0
5 0.189241114313 [0, 1, 66, 1027, 879] [0, 0, 0, 0, 0] 2 7 0
5 0.1911623439 [0, 0, 27, 744, 1298] [0, 0, 0, 0, 1] 3 8 0
5 0.203650336215 [0, 0, 13, 692, 1373] [0, 0, 0, 1, 0] 3 6 0
5 0.170989433237 [0, 0, 222, 766, 676] [0, 0, 0, 0, 0] 3 7 0
5 0.18828049952 [0, 1, 250, 824, 483] [0, 0, 0, 0, 0] 2 8 0
5 0.198847262248 [0, 0, 89, 992, 868] [0, 0, 0, 0, 0] 3 9 0
5 0.170989433237 [0, 3, 347, 845, 268] [0, 0, 0, 0, 0] 2 9 0
5 0.162343900096 [0, 4, 356, 888, 268] [0, 0, 0, 0, 0] 2 9 0
5 0.183477425552 [0, 0, 96, 1097, 762] [0, 0, 0, 0, 0] 3 8 0
5 0.173871277618 [0, 1, 101, 809, 828] [0, 0, 0, 1, 0] 2 9 0
6 0.219980787704 [0, 7, 97, 610, 423] [0, 0, 0, 0, 0] 2 7 0
6 0.206532180596 [0, 0, 9, 629, 1455] [0, 0, 0, 0, 0] 3 6 0
6 0.198847262248 [0, 1, 202, 834, 652] [0, 0, 0, 0, 0] 2 8 0
6 0.234390009606 [0, 0, 8, 607, 1463] [0, 0, 0, 0, 0] 3 7 0
6 0.218059558117 [0, 0, 73, 737, 951] [0, 0, 0, 1, 0] 3 6 0
6 0.189241114313 [0, 0, 22, 652, 1446] [0, 0, 0, 0, 0] 3 7 0
6 0.212295869356 [0, 0, 8, 554, 1575] [0, 0, 0, 0, 0] 3 6 0
6 0.219980787704 [0, 0, 0, 294, 1991] [0, 0, 0, 0, 0] 4 6 0
6 0.186359269933 [0, 0, 212, 888, 524] [0, 0, 0, 0, 0] 3 7 0
6 0.197886647454 [0, 0, 8, 616, 1671] [0, 0, 0, 1, 0] 3 7 0
7 0.206532180596 [0, 0, 16, 726, 1415] [0, 0, 0, 1, 0] 3 7 0
7 0.209414024976 [0, 0, 56, 896, 913] [0, 0, 0, 0, 0] 3 7 0
7 0.219980787704 [0, 0, 9, 612, 1525] [0, 0, 0, 0, 1] 3 5 0
7 0.219980787704 [0, 0, 14, 634, 1367] [0, 0, 0, 0, 0] 3 6 0
7 0.217098943324 [0, 0, 6, 465, 1764] [0, 0, 0, 0, 1] 3 7 0
7 0.219980787704 [0, 0, 14, 600, 1462] [0, 0, 0, 0, 0] 3 6 0
7 0.204610951009 [0, 0, 23, 606, 1377] [0, 0, 0, 0, 0] 3 6 0
7 0.217098943324 [0, 0, 122, 775, 913] [0, 0, 0, 0, 0] 3 7 0
7 0.201729106628 [0, 0, 223, 885, 477] [0, 0, 0, 0, 0] 3 7 0
7 0.183477425552 [0, 0, 67, 1014, 876] [0, 0, 0, 0, 0] 3 8 0
8 0.228626320845 [0, 0, 111, 744, 836] [0, 0, 0, 0, 0] 3 7 0
8 0.243996157541 [0, 0, 31, 259, 1396] [0, 0, 0, 1, 0] 3 5 0
8 0.250720461095 [0, 0, 20, 393, 1403] [0, 0, 0, 1, 0] 3 5 0
8 0.222862632085 [0, 0, 1, 427, 1825] [0, 0, 0, 0, 0] 3 6 0
8 0.211335254563 [0, 0, 130, 886, 780] [0, 0, 0, 0, 0] 3 6 0
8 0.221902017291 [0, 1, 191, 882, 563] [0, 0, 0, 0, 0] 2 7 0
8 0.226705091258 [0, 0, 142, 746, 815] [0, 0, 0, 1, 0] 3 6 0
8 0.232468780019 [0, 0, 84, 605, 993] [0, 0, 0, 1, 0] 3 6 0
8 0.243996157541 [0, 0, 1, 399, 1746] [0, 0, 0, 2, 1] 3 5 0
8 0.236311239193 [0, 0, 1, 293, 1945] [0, 0, 0, 2, 2] 3 5 0
9 0.248799231508 [0, 0, 0, 216, 2028] [0, 0, 0, 2, 1] 4 6 0
9 0.243035542747 [0, 0, 0, 69, 1196] [0, 0, 0, 2, 2] 4 4 0
9 0.233429394813 [0, 0, 4, 402, 1807] [0, 0, 0, 1, 1] 3 6 0
9 0.227665706052 [0, 1, 85, 613, 938] [0, 0, 0, 0, 0] 2 7 0
9 0.247838616715 [0, 0, 1, 155, 1029] [0, 0, 0, 1, 3] 3 4 0
9 0.234390009606 [0, 0, 3, 230, 1859] [0, 0, 0, 1, 0] 3 5 0
9 0.267050912584 [0, 0, 0, 188, 1223] [0, 0, 0, 2, 1] 4 4 0
9 0.262247838617 [0, 0, 10, 663, 1392] [0, 0, 0, 2, 0] 3 6 0
9 0.247838616715 [0, 0, 1, 167, 2037] [0, 0, 0, 2, 1] 3 5 0
9 0.258405379443 [0, 0, 3, 236, 1865] [0, 0, 0, 0, 0] 3 4 0
10 0.261287223823 [0, 0, 0, 19, 611] [0, 0, 0, 2, 5] 4 3 0
10 0.2353506244 [0, 0, 0, 324, 1823] [0, 0, 0, 1, 0] 4 5 0
10 0.258405379443 [0, 0, 13, 550, 1474] [0, 0, 0, 2, 1] 3 5 0
10 0.245917387128 [0, 0, 0, 121, 1909] [0, 0, 0, 1, 2] 4 6 0
10 0.233429394813 [0, 0, 25, 447, 1500] [0, 0, 0, 0, 0] 3 7 0
10 0.272814601345 [0, 0, 0, 109, 1010] [0, 0, 0, 2, 1] 4 4 0
10 0.2353506244 [0, 0, 6, 261, 1809] [0, 0, 0, 1, 0] 3 5 0
10 0.271853986551 [0, 0, 0, 233, 1780] [0, 0, 0, 2, 5] 4 5 0
10 0.26032660903 [0, 0, 13, 263, 1611] [0, 0, 0, 2, 2] 3 5 0
10 0.253602305476 [0, 0, 1, 262, 1950] [0, 0, 0, 1, 0] 3 5 0
11 0.253602305476 [0, 0, 1, 215, 1968] [0, 0, 0, 2, 0] 3 5 0
11 0.261287223823 [0, 0, 1, 230, 1583] [0, 0, 0, 2, 3] 3 5 0
11 0.254562920269 [0, 0, 1, 146, 2142] [0, 0, 0, 2, 2] 3 6 0
11 0.269932756964 [0, 0, 11, 311, 902] [0, 0, 0, 1, 1] 3 4 0
11 0.262247838617 [0, 0, 1, 274, 1893] [0, 0, 0, 2, 3] 3 6 0
11 0.258405379443 [0, 0, 1, 259, 1774] [0, 0, 0, 2, 3] 3 5 0
11 0.252641690682 [0, 0, 66, 711, 1063] [0, 0, 0, 1, 0] 3 6 0
11 0.274735830932 [0, 0, 0, 71, 1391] [0, 0, 0, 2, 7] 4 4 0
11 0.270893371758 [0, 0, 0, 211, 1311] [0, 0, 0, 3, 4] 4 4 0
11 0.259365994236 [0, 0, 1, 153, 2105] [0, 0, 0, 2, 1] 3 5 0
12 0.266090297791 [0, 0, 0, 133, 1729] [0, 0, 0, 1, 1] 4 4 0
12 0.266090297791 [0, 0, 2, 239, 1826] [0, 0, 0, 1, 2] 3 5 0
12 0.262247838617 [0, 0, 1, 260, 1844] [0, 0, 0, 1, 1] 3 4 0
12 0.286263208453 [0, 0, 10, 298, 1426] [0, 0, 0, 2, 4] 3 5 0
12 0.278578290106 [0, 0, 0, 232, 1059] [0, 0, 0, 1, 2] 4 4 0
12 0.279538904899 [0, 0, 0, 41, 270] [0, 0, 0, 2, 7] 4 2 0
12 0.275696445725 [0, 0, 0, 136, 2019] [0, 0, 0, 2, 4] 4 4 0
12 0.274735830932 [0, 0, 3, 220, 1910] [0, 0, 0, 2, 3] 3 6 0
12 0.26320845341 [0, 0, 1, 116, 1599] [0, 0, 0, 2, 4] 3 5 0
12 0.299711815562 [0, 0, 0, 17, 293] [0, 0, 0, 4, 16] 4 3 0
13 0.267050912584 [0, 0, 0, 39, 1263] [0, 0, 0, 2, 7] 4 4 0
13 0.276657060519 [0, 0, 1, 207, 1775] [0, 0, 0, 1, 2] 3 6 0
13 0.303554274736 [0, 0, 0, 9, 169] [0, 0, 0, 2, 8] 4 3 0
13 0.281460134486 [0, 0, 0, 44, 932] [0, 0, 0, 4, 1] 4 3 0
13 0.261287223823 [0, 0, 1, 132, 1353] [0, 0, 0, 1, 0] 3 5 0
13 0.264169068204 [0, 0, 0, 264, 1951] [0, 0, 0, 2, 4] 4 4 0
13 0.287223823247 [0, 0, 4, 66, 513] [0, 0, 0, 2, 3] 3 3 0
13 0.264169068204 [0, 0, 4, 265, 1849] [0, 0, 0, 1, 0] 3 5 0
13 0.258405379443 [0, 0, 0, 171, 1874] [0, 0, 0, 2, 1] 4 4 0
13 0.295869356388 [0, 0, 0, 56, 405] [0, 0, 0, 2, 10] 4 2 0
14 0.28530259366 [0, 0, 0, 13, 438] [0, 0, 0, 2, 10] 4 3 0
14 0.280499519693 [0, 0, 0, 137, 1203] [0, 0, 0, 2, 5] 4 5 0
14 0.300672430355 [0, 0, 2, 190, 1219] [0, 0, 0, 2, 7] 3 5 0
14 0.308357348703 [0, 0, 0, 79, 1305] [0, 0, 0, 2, 1] 4 4 0
14 0.289145052834 [0, 0, 1, 150, 1382] [0, 0, 0, 4, 4] 3 5 0
14 0.262247838617 [0, 0, 1, 193, 2056] [0, 0, 0, 2, 3] 3 6 0
14 0.275696445725 [0, 0, 0, 103, 968] [0, 0, 0, 2, 2] 4 4 0
14 0.279538904899 [0, 0, 0, 116, 1033] [0, 0, 0, 2, 5] 4 4 0
14 0.295869356388 [0, 0, 0, 6, 163] [0, 0, 0, 4, 6] 4 2 0
14 0.296829971182 [0, 0, 6, 98, 577] [0, 0, 0, 2, 0] 3 4 0
15 0.28530259366 [0, 0, 2, 47, 622] [0, 0, 0, 2, 5] 3 2 0
15 0.28530259366 [0, 0, 0, 51, 968] [0, 0, 0, 4, 6] 4 4 0
15 0.283381364073 [0, 0, 0, 18, 430] [0, 0, 0, 1, 4] 4 3 0
15 0.290105667627 [0, 0, 0, 50, 638] [0, 0, 0, 4, 4] 4 4 0
15 0.264169068204 [0, 0, 0, 62, 1224] [0, 0, 0, 2, 5] 4 4 0
15 0.28818443804 [0, 0, 0, 130, 875] [0, 0, 0, 2, 3] 4 4 0
15 0.30739673391 [0, 0, 0, 5, 69] [0, 0, 0, 4, 9] 4 2 0
15 0.292987512008 [0, 0, 0, 59, 770] [0, 0, 0, 4, 7] 4 4 0
15 0.299711815562 [0, 0, 0, 14, 381] [0, 0, 0, 3, 7] 4 3 0
15 0.296829971182 [0, 0, 0, 78, 656] [0, 0, 0, 4, 5] 4 3 0
16 0.305475504323 [0, 0, 0, 19, 287] [0, 0, 0, 2, 3] 4 2 0
16 0.311239193084 [0, 0, 0, 8, 259] [0, 0, 0, 4, 9] 4 2 0
16 0.301633045149 [0, 0, 0, 8, 251] [0, 0, 0, 4, 26] 4 3 0
16 0.289145052834 [0, 0, 0, 62, 844] [0, 0, 0, 4, 2] 4 3 0
16 0.314121037464 [0, 0, 0, 5, 101] [0, 0, 0, 5, 20] 4 2 0
16 0.293948126801 [0, 0, 0, 43, 924] [0, 0, 0, 4, 5] 4 3 0
16 0.31027857829 [0, 0, 0, 26, 423] [0, 0, 0, 4, 7] 4 3 0
16 0.291066282421 [0, 0, 0, 39, 735] [0, 0, 0, 2, 8] 4 4 0
16 0.316042267051 [0, 0, 0, 25, 362] [0, 0, 0, 4, 3] 4 3 0
16 0.28530259366 [0, 0, 0, 34, 876] [0, 0, 0, 2, 8] 4 3 0
17 0.316042267051 [0, 0, 0, 18, 254] [0, 0, 0, 4, 11] 4 2 0
17 0.294908741595 [0, 0, 0, 21, 321] [0, 0, 0, 3, 7] 4 3 0
17 0.303554274736 [0, 0, 0, 17, 496] [0, 0, 0, 4, 18] 4 3 0
17 0.315081652257 [0, 0, 0, 11, 282] [0, 0, 0, 4, 14] 4 2 0
17 0.299711815562 [0, 0, 0, 20, 511] [0, 0, 0, 4, 11] 4 2 0
17 0.304514889529 [0, 0, 0, 20, 713] [0, 0, 0, 3, 3] 4 3 0
17 0.311239193084 [0, 0, 0, 6, 102] [0, 0, 0, 4, 12] 4 2 0
17 0.321805955812 [0, 0, 0, 6, 161] [0, 0, 0, 4, 14] 4 2 0
17 0.312199807877 [0, 0, 0, 8, 122] [0, 0, 0, 3, 7] 4 2 0
17 0.30739673391 [0, 0, 0, 32, 304] [0, 0, 0, 4, 9] 4 3 0
18 0.323727185399 [0, 0, 0, 7, 94] [0, 0, 0, 4, 27] 4 2 0
18 0.327569644573 [0, 0, 0, 7, 88] [0, 0, 0, 5, 22] 4 2 0
18 0.321805955812 [0, 0, 0, 20, 179] [0, 0, 0, 5, 20] 4 2 0
18 0.322766570605 [0, 0, 0, 16, 145] [0, 0, 0, 4, 13] 4 2 0
18 0.323727185399 [0, 0, 0, 6, 202] [0, 0, 0, 4, 12] 4 2 0
18 0.309317963497 [0, 0, 0, 31, 460] [0, 0, 0, 4, 3] 4 3 0
18 0.320845341018 [0, 0, 0, 23, 325] [0, 0, 0, 4, 11] 4 4 0
18 0.312199807877 [0, 0, 0, 36, 333] [0, 0, 0, 4, 8] 4 3 0
18 0.317002881844 [0, 0, 0, 30, 297] [0, 0, 0, 4, 10] 4 3 0
18 0.333333333333 [0, 0, 0, 11, 156] [0, 0, 0, 4, 17] 4 3 0
19 0.333333333333 [0, 0, 0, 14, 288] [0, 0, 0, 5, 27] 4 3 0
19 0.337175792507 [0, 0, 0, 9, 105] [0, 0, 0, 5, 19] 4 2 0
19 0.330451488953 [0, 0, 0, 7, 167] [0, 0, 0, 5, 21] 4 2 0
19 0.308357348703 [0, 0, 0, 17, 282] [0, 0, 0, 4, 5] 4 3 0
19 0.304514889529 [0, 0, 0, 30, 558] [0, 0, 0, 3, 7] 4 4 0
19 0.330451488953 [0, 0, 0, 30, 375] [0, 0, 0, 5, 13] 4 3 0
19 0.327569644573 [0, 0, 0, 5, 83] [0, 0, 0, 5, 28] 4 2 0
19 0.319884726225 [0, 0, 0, 28, 325] [0, 0, 0, 5, 22] 4 2 0
19 0.323727185399 [0, 0, 0, 26, 221] [0, 0, 0, 4, 6] 4 2 0
19 0.309317963497 [0, 0, 0, 25, 205] [0, 0, 0, 4, 12] 4 3 0
20 0.321805955812 [0, 0, 0, 19, 142] [0, 0, 0, 5, 18] 4 2 0
20 0.33525456292 [0, 0, 0, 24, 277] [0, 0, 0, 5, 26] 4 2 0
20 0.313160422671 [0, 0, 0, 23, 455] [0, 0, 0, 4, 8] 4 2 0
20 0.336215177714 [0, 0, 0, 13, 253] [0, 0, 0, 4, 22] 4 2 0
20 0.33237271854 [0, 0, 0, 21, 329] [0, 0, 0, 5, 19] 4 2 0
20 0.308357348703 [0, 0, 0, 51, 803] [0, 0, 0, 3, 6] 4 4 0
20 0.330451488953 [0, 0, 0, 8, 131] [0, 0, 0, 5, 15] 4 2 0
20 0.322766570605 [0, 0, 0, 20, 240] [0, 0, 0, 5, 18] 4 2 0
20 0.317002881844 [0, 0, 0, 24, 532] [0, 0, 0, 5, 14] 4 4 0
20 0.309317963497 [0, 0, 0, 21, 271] [0, 0, 0, 4, 10] 4 3 0
21 0.336215177714 [0, 0, 0, 13, 130] [0, 0, 0, 5, 19] 4 2 0
21 0.339097022094 [0, 0, 0, 6, 137] [0, 0, 0, 4, 34] 4 2 0
21 0.323727185399 [0, 0, 0, 19, 164] [0, 0, 0, 5, 23] 4 2 0
21 0.325648414986 [0, 0, 0, 17, 194] [0, 0, 0, 5, 21] 4 2 0
21 0.311239193084 [0, 0, 0, 28, 295] [0, 0, 0, 4, 13] 4 2 0
21 0.327569644573 [0, 0, 0, 6, 84] [0, 0, 0, 5, 17] 4 0 1
21 0.327569644573 [0, 0, 0, 17, 281] [0, 0, 0, 5, 9] 4 2 0
21 0.322766570605 [0, 0, 0, 6, 211] [0, 0, 0, 5, 18] 4 2 0
21 0.319884726225 [0, 0, 0, 6, 172] [0, 0, 0, 5, 12] 4 2 0
21 0.341018251681 [0, 0, 0, 10, 100] [0, 0, 0, 5, 20] 4 2 0
22 0.329490874159 [0, 0, 0, 27, 388] [0, 0, 0, 4, 21] 4 2 0
22 0.342939481268 [0, 0, 0, 7, 50] [0, 0, 0, 5, 15] 4 2 0
22 0.341978866475 [0, 0, 0, 16, 281] [0, 0, 0, 5, 16] 4 3 0
22 0.317002881844 [0, 0, 0, 33, 325] [0, 0, 0, 5, 13] 4 3 0
22 0.350624399616 [0, 0, 0, 8, 49] [0, 0, 0, 6, 33] 4 2 0
22 0.336215177714 [0, 0, 0, 8, 119] [0, 0, 0, 5, 23] 4 2 0
22 0.340057636888 [0, 0, 0, 8, 159] [0, 0, 0, 5, 26] 4 3 0
22 0.347742555235 [0, 0, 0, 7, 62] [0, 0, 0, 5, 21] 4 2 0
22 0.33525456292 [0, 0, 0, 19, 482] [0, 0, 0, 5, 30] 4 3 0
22 0.338136407301 [0, 0, 0, 5, 34] [0, 0, 0, 5, 27] 4 0 1
23 0.348703170029 [0, 0, 0, 5, 40] [0, 0, 0, 5, 16] 4 2 0
23 0.33525456292 [0, 0, 0, 5, 52] [0, 0, 0, 5, 29] 4 2 0
23 0.350624399616 [0, 0, 0, 11, 86] [0, 0, 0, 5, 34] 4 2 0
23 0.341018251681 [0, 0, 0, 5, 87] [0, 0, 0, 5, 16] 4 0 1
23 0.344860710855 [0, 0, 0, 7, 91] [0, 0, 0, 5, 23] 4 0 1
23 0.345821325648 [0, 0, 0, 5, 39] [0, 0, 0, 4, 23] 4 0 1
23 0.345821325648 [0, 0, 0, 16, 174] [0, 0, 0, 4, 13] 4 2 0
23 0.330451488953 [0, 0, 0, 32, 255] [0, 0, 0, 5, 14] 4 2 0
23 0.346781940442 [0, 0, 0, 6, 56] [0, 0, 0, 5, 23] 4 2 0
23 0.342939481268 [0, 0, 0, 15, 187] [0, 0, 0, 5, 27] 4 2 0
24 0.345821325648 [0, 0, 0, 10, 106] [0, 0, 0, 5, 12] 4 2 0
24 0.348703170029 [0, 0, 0, 6, 82] [0, 0, 0, 5, 20] 4 2 0
24 0.348703170029 [0, 0, 0, 8, 52] [0, 0, 0, 5, 26] 4 2 0
24 0.352545629203 [0, 0, 0, 10, 120] [0, 0, 0, 5, 43] 4 2 0
24 0.344860710855 [0, 0, 0, 18, 249] [0, 0, 0, 5, 19] 4 2 0
24 0.346781940442 [0, 0, 0, 5, 39] [0, 0, 0, 5, 25] 4 0 1
24 0.346781940442 [0, 0, 0, 5, 44] [0, 0, 0, 5, 21] 4 0 1
24 0.348703170029 [0, 0, 0, 5, 50] [0, 0, 0, 5, 31] 4 0 1
24 0.347742555235 [0, 0, 0, 11, 109] [0, 0, 0, 5, 19] 4 2 0
24 0.348703170029 [0, 0, 0, 7, 57] [0, 0, 0, 5, 28] 4 0 1
25 0.351585014409 [0, 0, 0, 13, 142] [0, 0, 0, 5, 36] 4 2 0
25 0.352545629203 [0, 0, 0, 6, 55] [0, 0, 0, 6, 47] 4 2 0
25 0.347742555235 [0, 0, 0, 13, 139] [0, 0, 0, 5, 23] 4 2 0
25 0.348703170029 [0, 0, 0, 6, 108] [0, 0, 0, 5, 19] 4 2 0
25 0.358309317963 [0, 0, 0, 6, 52] [0, 0, 0, 6, 45] 4 0 1
25 0.353506243996 [0, 0, 0, 6, 37] [0, 0, 0, 5, 28] 4 0 1
25 0.350624399616 [0, 0, 0, 11, 70] [0, 0, 0, 5, 24] 4 2 0
25 0.350624399616 [0, 0, 0, 5, 71] [0, 0, 0, 5, 27] 4 0 1
25 0.36023054755 [0, 0, 0, 5, 34] [0, 0, 0, 5, 34] 4 0 1
25 0.345821325648 [0, 0, 0, 9, 149] [0, 0, 0, 5, 33] 4 2 0
26 0.351585014409 [0, 0, 0, 12, 165] [0, 0, 0, 5, 40] 4 2 0
26 0.356388088377 [0, 0, 0, 5, 35] [0, 0, 0, 5, 31] 4 0 1
26 0.352545629203 [0, 0, 0, 12, 124] [0, 0, 0, 5, 37] 4 2 0
26 0.351585014409 [0, 0, 0, 12, 123] [0, 0, 0, 5, 27] 4 2 0
26 0.35734870317 [0, 0, 0, 6, 58] [0, 0, 0, 5, 39] 4 0 1
26 0.359269932757 [0, 0, 0, 5, 38] [0, 0, 0, 4, 29] 4 0 1
26 0.359269932757 [0, 0, 0, 8, 52] [0, 0, 0, 6, 46] 4 0 1
26 0.341978866475 [0, 0, 0, 17, 118] [0, 0, 0, 5, 24] 4 2 0
26 0.353506243996 [0, 0, 0, 10, 86] [0, 0, 0, 5, 29] 4 0 1
26 0.35446685879 [0, 0, 0, 5, 50] [0, 0, 0, 5, 38] 4 2 0
27 0.36023054755 [0, 0, 0, 6, 47] [0, 0, 0, 5, 36] 4 0 1
27 0.358309317963 [0, 0, 0, 6, 75] [0, 0, 0, 5, 41] 4 2 0
27 0.363112391931 [0, 0, 0, 6, 60] [0, 0, 0, 6, 43] 4 0 1
27 0.356388088377 [0, 0, 0, 5, 53] [0, 0, 0, 5, 38] 4 2 0
27 0.35734870317 [0, 0, 0, 12, 130] [0, 0, 0, 5, 36] 4 2 0
27 0.363112391931 [0, 0, 0, 6, 43] [0, 0, 0, 6, 43] 4 0 1
27 0.358309317963 [0, 0, 0, 5, 36] [0, 0, 0, 5, 35] 4 0 1
27 0.359269932757 [0, 0, 0, 6, 90] [0, 0, 0, 5, 34] 4 2 0
27 0.36023054755 [0, 0, 0, 6, 51] [0, 0, 0, 6, 39] 4 0 1
27 0.36023054755 [0, 0, 0, 6, 47] [0, 0, 0, 6, 45] 4 0 1
28 0.364073006724 [0, 0, 0, 6, 42] [0, 0, 0, 6, 42] 4 0 1
28 0.364073006724 [0, 0, 0, 6, 45] [0, 0, 0, 6, 45] 4 0 1
28 0.364073006724 [0, 0, 0, 6, 38] [0, 0, 0, 6, 38] 4 0 1
28 0.364073006724 [0, 0, 0, 5, 41] [0, 0, 0, 5, 41] 4 0 1
28 0.364073006724 [0, 0, 0, 5, 45] [0, 0, 0, 5, 45] 4 2 0
28 0.364073006724 [0, 0, 0, 5, 63] [0, 0, 0, 5, 63] 4 0 1
28 0.364073006724 [0, 0, 0, 6, 44] [0, 0, 0, 6, 44] 4 0 1
28 0.364073006724 [0, 0, 0, 6, 49] [0, 0, 0, 6, 49] 4 0 1
28 0.364073006724 [0, 0, 0, 6, 46] [0, 0, 0, 6, 46] 4 0 1
28 0.364073006724 [0, 0, 0, 6, 48] [0, 0, 0, 6, 48] 4 0 1
29 0.364073006724 [0, 0, 0, 6, 45] [0, 0, 0, 6, 45] 4 0 1
29 0.364073006724 [0, 0, 0, 6, 48] [0, 0, 0, 6, 48] 4 0 1
29 0.364073006724 [0, 0, 0, 6, 52] [0, 0, 0, 6, 52] 4 0 1
29 0.364073006724 [0, 0, 0, 6, 55] [0, 0, 0, 6, 55] 4 0 1
29 0.364073006724 [0, 0, 0, 6, 43] [0, 0, 0, 6, 43] 4 2 0
29 0.364073006724 [0, 0, 0, 6, 46] [0, 0, 0, 6, 46] 4 0 1
29 0.364073006724 [0, 0, 0, 6, 51] [0, 0, 0, 6, 51] 4 2 0
29 0.364073006724 [0, 0, 0, 5, 33] [0, 0, 0, 5, 33] 4 0 1
29 0.364073006724 [0, 0, 0, 6, 44] [0, 0, 0, 6, 44] 4 0 1
29 0.364073006724 [0, 0, 0, 6, 61] [0, 0, 0, 6, 61] 4 2 0
