Cutoff 100
N1 10000
MaxLen1 12
Nsp D_var_sites Len_distribution WORKS_len_distribution Shortest_combination n_Independent_combinations n_Key_positions
2 0.212295869356 [4, 646, 0, 0, 0] [0, 5, 0, 0, 0] 1 26 0
2 0.227665706052 [8, 217, 0, 0, 0] [0, 4, 0, 0, 0] 1 21 0
2 0.218059558117 [8, 381, 0, 0, 0] [0, 2, 0, 0, 0] 1 29 0
2 0.209414024976 [10, 691, 0, 0, 0] [0, 2, 0, 0, 0] 1 33 0
2 0.170028818444 [12, 688, 0, 0, 0] [0, 2, 0, 0, 0] 1 38 0
2 0.225744476465 [5, 538, 0, 0, 0] [0, 2, 0, 0, 0] 1 23 0
2 0.245917387128 [6, 359, 0, 0, 0] [0, 2, 0, 0, 0] 1 22 0
2 0.225744476465 [8, 310, 0, 0, 0] [0, 6, 0, 0, 0] 1 23 0
2 0.207492795389 [8, 692, 0, 0, 0] [0, 2, 0, 0, 0] 1 28 0
2 0.203650336215 [8, 609, 0, 0, 0] [0, 0, 0, 0, 0] 1 28 0
3 0.244956772334 [5, 124, 93, 0, 0] [0, 2, 0, 0, 0] 1 18 0
3 0.279538904899 [5, 90, 123, 0, 0] [0, 7, 0, 0, 0] 1 16 0
3 0.228626320845 [11, 523, 0, 0, 0] [0, 2, 0, 0, 0] 1 30 0
3 0.243996157541 [3, 254, 134, 0, 0] [0, 7, 0, 0, 0] 1 21 0
3 0.259365994236 [9, 378, 0, 0, 0] [0, 2, 0, 0, 0] 1 24 0
3 0.276657060519 [5, 101, 69, 0, 0] [0, 2, 0, 0, 0] 1 15 0
3 0.262247838617 [5, 298, 0, 0, 0] [0, 2, 0, 0, 0] 1 17 0
3 0.252641690682 [5, 252, 0, 0, 0] [0, 6, 0, 0, 0] 1 16 0
3 0.273775216138 [6, 75, 73, 0, 0] [0, 2, 0, 0, 0] 1 16 0
3 0.243035542747 [5, 641, 0, 0, 0] [0, 2, 0, 0, 0] 1 25 0
4 0.313160422671 [3, 119, 142, 0, 0] [0, 7, 1, 0, 0] 1 13 0
4 0.290105667627 [7, 62, 11, 0, 0] [0, 2, 0, 0, 0] 1 14 0
4 0.302593659942 [3, 121, 125, 0, 0] [0, 2, 1, 0, 0] 1 12 0
4 0.261287223823 [4, 493, 0, 0, 0] [0, 6, 0, 0, 0] 1 21 0
4 0.28818443804 [3, 233, 97, 0, 0] [0, 7, 0, 0, 0] 1 16 0
4 0.274735830932 [5, 391, 0, 0, 0] [0, 7, 0, 0, 0] 1 20 0
4 0.300672430355 [5, 94, 66, 0, 0] [0, 2, 0, 0, 0] 1 13 0
4 0.300672430355 [6, 86, 34, 0, 0] [0, 2, 0, 0, 0] 1 13 0
4 0.289145052834 [4, 159, 94, 0, 0] [0, 2, 0, 0, 0] 1 14 0
4 0.26320845341 [5, 147, 49, 0, 0] [0, 2, 0, 0, 0] 1 16 0
5 0.329490874159 [3, 82, 113, 0, 0] [0, 7, 1, 0, 0] 1 10 0
5 0.302593659942 [5, 162, 40, 0, 0] [0, 2, 0, 0, 0] 1 13 0
5 0.327569644573 [3, 75, 117, 0, 0] [0, 2, 0, 0, 0] 1 9 0
5 0.320845341018 [3, 116, 97, 0, 0] [0, 2, 1, 0, 0] 1 12 0
5 0.300672430355 [2, 228, 96, 0, 0] [0, 7, 0, 0, 0] 1 14 0
5 0.316042267051 [1, 137, 287, 0, 0] [0, 7, 2, 0, 0] 1 13 0
5 0.322766570605 [1, 127, 183, 0, 0] [0, 7, 2, 0, 0] 1 11 0
5 0.325648414986 [3, 80, 167, 0, 0] [0, 2, 1, 0, 0] 1 12 0
5 0.321805955812 [3, 118, 93, 0, 0] [0, 7, 1, 0, 0] 1 12 0
5 0.269932756964 [5, 406, 0, 0, 0] [0, 2, 0, 0, 0] 1 22 0
6 0.342939481268 [2, 96, 166, 0, 0] [0, 7, 1, 0, 0] 1 10 0
6 0.324687800192 [4, 80, 49, 0, 0] [0, 2, 0, 0, 0] 1 11 0
6 0.344860710855 [3, 51, 113, 0, 0] [0, 2, 0, 0, 0] 1 8 0
6 0.334293948127 [3, 72, 133, 0, 0] [0, 7, 0, 0, 0] 1 10 0
6 0.323727185399 [2, 154, 138, 0, 0] [0, 7, 8, 0, 0] 1 11 0
6 0.322766570605 [3, 95, 171, 0, 0] [0, 2, 1, 0, 0] 1 14 0
6 0.338136407301 [2, 98, 126, 0, 0] [0, 7, 2, 0, 0] 1 12 0
6 0.331412103746 [2, 136, 110, 0, 0] [0, 7, 5, 0, 0] 1 10 0
6 0.339097022094 [4, 82, 49, 0, 0] [0, 7, 0, 0, 0] 1 11 0
6 0.321805955812 [1, 208, 145, 0, 0] [0, 7, 0, 0, 0] 1 11 0
7 0.337175792507 [1, 108, 176, 0, 0] [0, 7, 0, 0, 0] 1 9 0
7 0.346781940442 [4, 36, 101, 0, 0] [0, 2, 0, 0, 0] 1 10 0
7 0.337175792507 [2, 70, 179, 0, 0] [0, 7, 0, 0, 0] 1 8 0
7 0.343900096061 [3, 51, 114, 0, 0] [0, 7, 0, 0, 0] 1 9 0
7 0.341978866475 [1, 76, 312, 0, 0] [0, 7, 20, 0, 0] 1 10 0
7 0.320845341018 [4, 82, 90, 0, 0] [0, 7, 5, 0, 0] 1 11 0
7 0.327569644573 [1, 158, 216, 0, 0] [0, 7, 0, 0, 0] 1 12 0
7 0.35446685879 [2, 60, 339, 0, 0] [0, 2, 1, 0, 0] 1 12 0
7 0.342939481268 [3, 42, 230, 0, 0] [0, 7, 12, 0, 0] 1 10 0
7 0.356388088377 [3, 59, 73, 0, 0] [0, 2, 1, 0, 0] 1 8 0
8 0.365033621518 [2, 58, 208, 0, 0] [0, 7, 16, 0, 0] 1 9 0
8 0.362151777137 [2, 61, 194, 0, 0] [0, 7, 17, 0, 0] 1 10 0
8 0.364073006724 [3, 75, 42, 0, 0] [0, 7, 1, 0, 0] 1 9 0
8 0.36023054755 [2, 57, 216, 0, 0] [0, 7, 21, 0, 0] 1 9 0
8 0.365994236311 [1, 74, 180, 0, 0] [0, 7, 0, 0, 0] 1 7 0
8 0.345821325648 [1, 107, 241, 0, 0] [0, 7, 1, 0, 0] 1 7 0
8 0.35446685879 [1, 87, 230, 0, 0] [0, 7, 2, 0, 0] 1 8 0
8 0.361191162344 [2, 63, 128, 0, 0] [0, 7, 0, 0, 0] 1 8 0
8 0.370797310279 [2, 50, 210, 0, 0] [0, 7, 1, 0, 0] 1 7 0
8 0.359269932757 [2, 91, 108, 0, 0] [0, 7, 2, 0, 0] 1 9 0
9 0.376560999039 [1, 48, 346, 24, 0] [0, 7, 1, 0, 0] 1 9 0
9 0.366954851105 [3, 75, 53, 0, 0] [0, 7, 1, 0, 0] 1 8 0
9 0.371757925072 [2, 54, 160, 0, 0] [0, 7, 3, 0, 0] 1 9 0
9 0.372718539866 [2, 53, 201, 0, 0] [0, 7, 22, 0, 0] 1 8 0
9 0.365994236311 [2, 50, 169, 0, 0] [0, 7, 2, 0, 0] 1 9 0
9 0.364073006724 [1, 49, 427, 13, 0] [0, 7, 28, 0, 0] 1 9 0
9 0.362151777137 [3, 72, 76, 0, 0] [0, 2, 0, 0, 0] 1 9 0
9 0.373679154659 [1, 60, 186, 0, 0] [0, 7, 3, 0, 0] 1 7 0
9 0.369836695485 [3, 49, 107, 0, 0] [0, 2, 2, 0, 0] 1 9 0
9 0.362151777137 [3, 28, 198, 0, 0] [0, 2, 3, 0, 0] 1 10 0
10 0.370797310279 [2, 85, 81, 0, 0] [0, 7, 2, 0, 0] 1 9 0
10 0.359269932757 [1, 105, 128, 0, 0] [0, 7, 2, 0, 0] 1 8 0
10 0.372718539866 [2, 51, 182, 0, 0] [0, 7, 19, 0, 0] 1 8 0
10 0.373679154659 [1, 77, 295, 0, 0] [0, 7, 21, 0, 0] 1 10 0
10 0.376560999039 [1, 92, 122, 0, 0] [0, 7, 3, 0, 0] 1 8 0
10 0.359269932757 [2, 82, 115, 0, 0] [0, 7, 0, 0, 0] 1 9 0
10 0.371757925072 [1, 74, 228, 0, 0] [0, 7, 6, 0, 0] 1 8 0
10 0.378482228626 [1, 29, 440, 21, 0] [0, 7, 43, 0, 0] 1 7 0
10 0.381364073007 [1, 78, 198, 0, 0] [0, 7, 4, 0, 0] 1 9 0
10 0.367915465898 [1, 67, 302, 0, 0] [0, 7, 16, 0, 0] 1 8 0
11 0.391930835735 [2, 60, 76, 0, 0] [0, 7, 2, 0, 0] 1 8 0
11 0.383285302594 [1, 48, 295, 17, 0] [0, 7, 27, 0, 0] 1 7 0
11 0.392891450528 [1, 41, 250, 15, 0] [0, 7, 35, 0, 0] 1 7 0
11 0.392891450528 [1, 23, 457, 29, 0] [0, 7, 43, 0, 0] 1 6 0
11 0.396733909702 [1, 26, 436, 20, 0] [0, 7, 40, 0, 0] 1 7 0
11 0.384245917387 [2, 34, 201, 1, 0] [0, 7, 20, 0, 0] 1 7 0
11 0.396733909702 [1, 40, 290, 18, 0] [0, 7, 38, 0, 0] 1 7 0
11 0.394812680115 [1, 57, 131, 12, 0] [0, 7, 8, 0, 0] 1 8 0
11 0.390009606148 [2, 15, 254, 6, 0] [0, 2, 3, 0, 0] 1 6 0
11 0.394812680115 [2, 20, 227, 3, 0] [0, 2, 0, 0, 0] 1 8 0
12 0.40153698367 [1, 45, 208, 5, 0] [0, 7, 28, 0, 0] 1 6 0
12 0.380403458213 [1, 54, 260, 8, 0] [0, 7, 6, 0, 0] 1 6 0
12 0.390009606148 [2, 48, 148, 0, 0] [0, 7, 18, 0, 0] 1 8 0
12 0.395773294909 [2, 25, 266, 3, 0] [0, 7, 23, 0, 0] 1 8 0
12 0.378482228626 [1, 73, 186, 0, 0] [0, 7, 2, 0, 0] 1 7 0
12 0.396733909702 [2, 19, 240, 6, 0] [0, 2, 6, 0, 0] 1 7 0
12 0.400576368876 [1, 58, 120, 8, 0] [0, 7, 3, 0, 0] 1 7 0
12 0.398655139289 [1, 42, 269, 11, 0] [0, 7, 33, 0, 0] 1 7 0
12 0.380403458213 [2, 74, 102, 0, 0] [0, 7, 2, 0, 0] 1 8 0
12 0.403458213256 [1, 54, 114, 17, 0] [0, 7, 2, 0, 0] 1 7 0
13 0.405379442843 [2, 23, 254, 2, 0] [0, 7, 26, 0, 0] 1 7 0
13 0.395773294909 [1, 38, 428, 10, 0] [0, 7, 37, 0, 0] 1 7 0
13 0.400576368876 [1, 42, 230, 17, 0] [0, 7, 35, 0, 0] 1 8 0
13 0.406340057637 [1, 43, 253, 10, 0] [0, 7, 27, 0, 0] 1 7 0
13 0.405379442843 [1, 39, 253, 14, 0] [0, 7, 8, 1, 0] 1 7 0
13 0.403458213256 [1, 26, 466, 9, 0] [0, 7, 33, 0, 0] 1 6 0
13 0.40153698367 [1, 25, 405, 16, 0] [0, 7, 42, 0, 0] 1 7 0
13 0.40730067243 [2, 33, 82, 3, 0] [0, 7, 0, 0, 0] 1 7 0
13 0.396733909702 [1, 61, 245, 5, 0] [0, 7, 4, 0, 0] 1 8 0
13 0.410182516811 [1, 26, 389, 12, 0] [0, 7, 43, 0, 0] 1 6 0
14 0.396733909702 [2, 52, 174, 0, 0] [0, 7, 3, 0, 0] 1 7 0
14 0.398655139289 [1, 58, 126, 10, 0] [0, 7, 8, 0, 0] 1 7 0
14 0.410182516811 [1, 40, 243, 9, 0] [0, 7, 7, 0, 0] 1 6 0
14 0.405379442843 [2, 54, 51, 0, 0] [0, 7, 0, 0, 0] 1 8 0
14 0.410182516811 [1, 22, 403, 29, 0] [0, 7, 57, 0, 0] 1 6 0
14 0.412103746398 [1, 39, 239, 14, 0] [0, 7, 7, 1, 0] 1 6 0
14 0.403458213256 [1, 71, 151, 2, 0] [0, 7, 5, 0, 0] 1 8 0
14 0.402497598463 [1, 52, 299, 8, 0] [0, 7, 5, 0, 0] 1 7 0
14 0.40441882805 [2, 23, 243, 1, 0] [0, 7, 26, 0, 0] 1 7 0
14 0.409221902017 [1, 42, 226, 13, 0] [0, 7, 42, 0, 0] 1 6 0
15 0.405379442843 [1, 37, 419, 7, 0] [0, 7, 45, 0, 0] 1 6 0
15 0.405379442843 [1, 44, 225, 12, 0] [0, 7, 6, 0, 0] 1 6 0
15 0.413064361191 [1, 22, 411, 25, 0] [0, 7, 54, 0, 0] 1 7 0
15 0.411143131604 [1, 23, 411, 15, 0] [0, 7, 47, 0, 0] 1 6 0
15 0.405379442843 [1, 35, 387, 11, 0] [0, 7, 33, 0, 0] 1 6 0
15 0.414985590778 [1, 28, 359, 11, 0] [0, 7, 40, 1, 0] 1 7 0
15 0.418828049952 [1, 38, 245, 18, 0] [0, 7, 3, 0, 0] 1 6 0
15 0.418828049952 [1, 23, 398, 19, 0] [0, 7, 46, 0, 0] 1 6 0
15 0.417867435159 [1, 39, 232, 3, 0] [0, 7, 44, 0, 0] 1 5 0
15 0.411143131604 [1, 23, 383, 17, 0] [0, 7, 46, 1, 0] 1 7 0
16 0.419788664745 [1, 22, 398, 15, 0] [0, 7, 55, 0, 0] 1 6 0
16 0.419788664745 [1, 22, 371, 16, 0] [0, 7, 54, 0, 0] 1 6 0
16 0.419788664745 [1, 27, 320, 16, 0] [0, 7, 40, 0, 0] 1 7 0
16 0.419788664745 [1, 22, 380, 18, 0] [0, 7, 52, 0, 0] 1 6 0
16 0.419788664745 [1, 22, 412, 13, 0] [0, 7, 50, 0, 0] 1 6 0
16 0.419788664745 [1, 22, 388, 22, 0] [0, 7, 51, 0, 0] 1 6 0
16 0.419788664745 [1, 22, 376, 19, 0] [0, 7, 49, 1, 0] 1 5 0
16 0.419788664745 [1, 22, 365, 12, 0] [0, 7, 53, 0, 0] 1 6 0
16 0.419788664745 [1, 23, 397, 11, 0] [0, 7, 51, 0, 0] 1 6 0
16 0.419788664745 [1, 23, 396, 9, 0] [0, 7, 59, 1, 0] 1 6 0
17 0.419788664745 [1, 22, 386, 19, 0] [0, 7, 52, 1, 0] 1 7 0
17 0.419788664745 [1, 22, 387, 16, 0] [0, 7, 51, 1, 0] 1 6 0
17 0.419788664745 [1, 22, 375, 13, 0] [0, 7, 47, 0, 0] 1 6 0
17 0.419788664745 [1, 22, 392, 20, 0] [0, 7, 49, 0, 0] 1 6 0
17 0.419788664745 [1, 22, 394, 17, 0] [0, 7, 53, 0, 0] 1 5 0
17 0.419788664745 [1, 22, 358, 24, 0] [0, 7, 53, 0, 0] 1 6 0
17 0.419788664745 [1, 22, 386, 16, 0] [0, 7, 57, 0, 0] 1 6 0
17 0.419788664745 [1, 22, 369, 7, 0] [0, 7, 45, 0, 0] 1 7 0
17 0.419788664745 [1, 22, 365, 14, 0] [0, 7, 45, 0, 0] 1 7 0
17 0.419788664745 [1, 22, 392, 20, 0] [0, 7, 51, 1, 0] 1 7 0
