Cutoff 100
N1 10000
MaxLen1 12
Nsp D_var_sites Len_distribution WORKS_len_distribution Shortest_combination n_Independent_combinations n_Key_positions
2 0.131604226705 [1, 11, 852, 197, 0] [0, 0, 0, 0, 0] 1 13 0
2 0.103746397695 [1, 33, 964, 0, 0] [0, 0, 0, 0, 0] 1 14 0
2 0.104707012488 [1, 17, 1057, 22, 0] [0, 0, 0, 0, 0] 1 15 0
2 0.129682997118 [0, 32, 1169, 191, 0] [0, 0, 0, 0, 0] 2 13 0
2 0.127761767531 [0, 47, 972, 160, 0] [0, 0, 0, 0, 0] 2 14 0
2 0.133525456292 [0, 5, 1137, 540, 0] [0, 0, 0, 0, 0] 2 12 0
2 0.138328530259 [0, 8, 925, 665, 0] [0, 0, 0, 0, 0] 2 10 0
2 0.134486071085 [0, 25, 859, 420, 0] [0, 0, 0, 1, 0] 2 13 0
2 0.137367915466 [0, 6, 979, 568, 12] [0, 0, 0, 0, 0] 2 13 0
2 0.131604226705 [0, 12, 1009, 503, 0] [0, 0, 0, 0, 0] 2 12 0
3 0.164265129683 [0, 11, 812, 503, 31] [0, 0, 0, 0, 0] 2 10 0
3 0.127761767531 [0, 35, 943, 239, 0] [0, 0, 0, 0, 0] 2 12 0
3 0.154658981748 [0, 3, 639, 832, 151] [0, 0, 0, 0, 0] 2 12 0
3 0.148895292988 [0, 62, 538, 244, 0] [0, 0, 0, 0, 0] 2 11 0
3 0.160422670509 [0, 55, 806, 132, 0] [0, 0, 0, 0, 0] 2 12 0
3 0.146013448607 [0, 4, 1047, 678, 0] [0, 0, 0, 0, 0] 2 12 0
3 0.159462055716 [1, 6, 656, 234, 0] [0, 0, 0, 0, 0] 1 10 0
3 0.157540826129 [0, 11, 916, 520, 11] [0, 0, 0, 0, 0] 2 10 0
3 0.148895292988 [0, 5, 899, 714, 36] [0, 0, 0, 0, 0] 2 11 0
3 0.16618635927 [0, 28, 755, 348, 0] [0, 0, 0, 1, 0] 2 10 0
4 0.183477425552 [0, 1, 473, 882, 213] [0, 0, 0, 1, 0] 2 8 0
4 0.155619596542 [0, 61, 533, 288, 0] [0, 0, 0, 0, 0] 2 12 0
4 0.180595581172 [0, 0, 460, 1073, 282] [0, 0, 0, 0, 0] 3 9 0
4 0.16330451489 [0, 6, 696, 735, 116] [0, 0, 0, 1, 0] 2 12 0
4 0.164265129683 [0, 7, 832, 606, 44] [0, 0, 0, 0, 0] 2 9 0
4 0.173871277618 [0, 6, 615, 679, 140] [0, 0, 0, 3, 0] 2 10 0
4 0.180595581172 [0, 1, 273, 940, 576] [0, 0, 0, 1, 0] 2 10 0
4 0.174831892411 [1, 8, 705, 237, 0] [0, 0, 0, 0, 0] 1 12 0
4 0.184438040346 [0, 1, 272, 901, 552] [0, 0, 0, 0, 0] 2 8 0
4 0.193083573487 [0, 1, 820, 629, 135] [0, 0, 0, 1, 0] 2 9 0
5 0.193083573487 [0, 3, 560, 710, 157] [0, 0, 0, 0, 0] 2 8 0
5 0.1911623439 [0, 1, 341, 838, 440] [0, 0, 0, 1, 0] 2 9 0
5 0.18828049952 [0, 3, 504, 869, 182] [0, 0, 0, 0, 0] 2 10 0
5 0.1911623439 [0, 1, 447, 778, 240] [0, 0, 0, 0, 0] 2 9 0
5 0.181556195965 [0, 2, 330, 756, 387] [0, 0, 0, 0, 0] 2 10 0
5 0.181556195965 [0, 1, 545, 634, 256] [0, 0, 0, 0, 0] 2 8 0
5 0.180595581172 [0, 0, 318, 1052, 448] [0, 0, 0, 0, 0] 3 9 0
5 0.186359269933 [0, 5, 627, 695, 126] [0, 0, 0, 1, 0] 2 10 0
5 0.200768491835 [0, 0, 53, 962, 1060] [0, 0, 0, 2, 0] 3 7 0
5 0.177713736792 [0, 2, 398, 1014, 298] [0, 0, 0, 0, 0] 2 11 0
6 0.220941402498 [0, 2, 162, 697, 536] [0, 0, 0, 1, 0] 2 7 0
6 0.206532180596 [0, 1, 525, 642, 310] [0, 0, 0, 3, 0] 2 9 0
6 0.207492795389 [0, 1, 450, 750, 236] [0, 0, 0, 0, 0] 2 8 0
6 0.185398655139 [0, 0, 359, 979, 428] [0, 0, 0, 0, 0] 3 10 0
6 0.21325648415 [0, 3, 314, 885, 338] [0, 0, 0, 0, 0] 2 8 0
6 0.210374639769 [0, 2, 308, 898, 362] [0, 0, 0, 0, 0] 2 8 0
6 0.211335254563 [0, 2, 325, 898, 351] [0, 0, 0, 2, 0] 2 9 0
6 0.210374639769 [0, 1, 185, 1020, 390] [0, 0, 0, 0, 0] 2 8 0
6 0.21325648415 [0, 1, 57, 906, 988] [0, 0, 0, 1, 0] 2 8 0
6 0.168107588857 [0, 5, 729, 822, 120] [0, 0, 0, 0, 0] 2 10 0
7 0.223823246878 [0, 2, 294, 783, 389] [0, 0, 0, 3, 0] 2 7 0
7 0.223823246878 [0, 1, 204, 960, 419] [0, 0, 0, 2, 0] 2 8 0
7 0.236311239193 [0, 2, 132, 708, 481] [0, 0, 0, 2, 0] 2 6 0
7 0.207492795389 [0, 2, 267, 912, 439] [0, 0, 0, 0, 0] 2 8 0
7 0.220941402498 [0, 0, 368, 845, 308] [0, 0, 0, 0, 0] 3 6 0
7 0.21325648415 [0, 1, 196, 963, 387] [0, 0, 0, 1, 0] 2 7 0
7 0.232468780019 [0, 1, 95, 703, 690] [0, 0, 0, 4, 1] 2 7 0
7 0.221902017291 [0, 1, 261, 788, 515] [0, 0, 0, 0, 0] 2 9 0
7 0.2353506244 [0, 0, 117, 709, 914] [0, 0, 0, 5, 0] 3 6 0
7 0.206532180596 [0, 0, 345, 865, 344] [0, 0, 0, 1, 0] 3 8 0
8 0.246878001921 [0, 1, 218, 897, 407] [0, 0, 0, 3, 0] 2 8 0
8 0.231508165226 [0, 0, 238, 838, 515] [0, 0, 0, 5, 1] 3 9 0
8 0.221902017291 [0, 0, 91, 941, 999] [0, 0, 0, 1, 0] 3 7 0
8 0.236311239193 [0, 0, 130, 765, 568] [0, 0, 0, 3, 0] 3 7 0
8 0.225744476465 [0, 1, 128, 860, 719] [0, 0, 0, 2, 0] 2 8 0
8 0.231508165226 [0, 0, 101, 888, 785] [0, 0, 0, 3, 0] 3 7 0
8 0.247838616715 [0, 0, 134, 451, 928] [0, 0, 0, 7, 2] 3 6 0
8 0.226705091258 [0, 1, 405, 679, 421] [0, 0, 0, 3, 0] 2 7 0
8 0.226705091258 [0, 0, 69, 943, 821] [0, 0, 0, 3, 1] 3 6 0
8 0.223823246878 [0, 0, 181, 904, 503] [0, 0, 0, 1, 0] 3 7 0
9 0.248799231508 [0, 1, 33, 858, 986] [0, 0, 0, 3, 0] 2 7 0
9 0.250720461095 [0, 3, 290, 647, 318] [0, 0, 0, 6, 0] 2 8 0
9 0.243035542747 [0, 0, 101, 636, 990] [0, 0, 0, 8, 0] 3 5 0
9 0.223823246878 [0, 0, 173, 712, 716] [0, 0, 0, 8, 0] 3 8 0
9 0.236311239193 [0, 0, 38, 670, 1216] [0, 0, 0, 9, 0] 3 6 0
9 0.247838616715 [0, 0, 121, 741, 762] [0, 0, 0, 5, 0] 3 7 0
9 0.229586935639 [0, 1, 238, 965, 498] [0, 0, 0, 2, 0] 2 8 0
9 0.237271853987 [0, 0, 105, 780, 889] [0, 0, 0, 9, 1] 3 8 0
9 0.231508165226 [0, 0, 138, 802, 586] [0, 0, 0, 1, 0] 3 6 0
9 0.248799231508 [0, 0, 109, 639, 960] [0, 0, 0, 6, 0] 3 6 0
10 0.261287223823 [0, 0, 56, 762, 1024] [0, 0, 0, 7, 0] 3 6 0
10 0.242074927954 [0, 0, 104, 783, 819] [0, 0, 0, 11, 0] 3 6 0
10 0.261287223823 [0, 1, 28, 468, 1161] [0, 0, 0, 11, 0] 2 5 0
10 0.243996157541 [0, 1, 152, 592, 632] [0, 0, 0, 5, 0] 2 6 0
10 0.243996157541 [0, 0, 121, 572, 892] [0, 0, 0, 2, 0] 3 7 0
10 0.234390009606 [0, 0, 37, 944, 1073] [0, 0, 0, 2, 0] 3 6 0
10 0.262247838617 [0, 0, 67, 699, 1063] [0, 0, 0, 19, 1] 3 6 0
10 0.265129682997 [0, 2, 175, 673, 376] [0, 0, 0, 12, 0] 2 6 0
10 0.262247838617 [0, 0, 48, 801, 896] [0, 0, 0, 4, 1] 3 6 0
10 0.255523535062 [0, 0, 41, 893, 944] [0, 0, 0, 8, 0] 3 6 0
11 0.253602305476 [0, 1, 95, 672, 630] [0, 0, 0, 16, 6] 2 5 0
11 0.264169068204 [0, 0, 51, 942, 881] [0, 0, 0, 4, 0] 3 6 0
11 0.257444764649 [0, 0, 108, 453, 1103] [0, 0, 0, 8, 1] 3 5 0
11 0.259365994236 [0, 0, 102, 643, 1041] [0, 0, 0, 9, 0] 3 7 0
11 0.255523535062 [0, 3, 100, 719, 431] [0, 0, 0, 14, 0] 2 6 0
11 0.274735830932 [0, 0, 45, 592, 996] [0, 0, 0, 34, 6] 3 5 0
11 0.252641690682 [0, 0, 82, 891, 678] [0, 0, 0, 4, 0] 3 6 0
11 0.266090297791 [0, 0, 24, 671, 1263] [0, 0, 0, 12, 0] 3 6 0
11 0.259365994236 [0, 0, 63, 677, 1075] [0, 0, 0, 29, 3] 3 7 0
11 0.257444764649 [0, 0, 37, 830, 1057] [0, 0, 0, 6, 0] 3 7 0
12 0.267050912584 [0, 0, 27, 660, 1207] [0, 0, 0, 12, 0] 3 6 0
12 0.271853986551 [0, 0, 43, 377, 1362] [0, 0, 0, 27, 8] 3 5 0
12 0.262247838617 [0, 0, 14, 586, 1413] [0, 0, 0, 10, 0] 3 6 0
12 0.271853986551 [0, 0, 48, 848, 834] [0, 0, 0, 7, 1] 3 5 0
12 0.284341978866 [0, 0, 141, 687, 623] [0, 0, 0, 9, 0] 3 7 0
12 0.284341978866 [0, 0, 14, 661, 1220] [0, 0, 0, 29, 9] 3 4 0
12 0.261287223823 [0, 0, 18, 569, 1476] [0, 0, 0, 28, 6] 3 5 0
12 0.274735830932 [0, 0, 37, 564, 1096] [0, 0, 0, 36, 4] 3 4 0
12 0.268011527378 [0, 0, 88, 444, 994] [0, 0, 0, 10, 2] 3 6 0
12 0.277617675312 [0, 0, 243, 735, 321] [0, 0, 0, 2, 0] 3 6 0
13 0.268011527378 [0, 0, 44, 598, 1335] [0, 0, 0, 22, 4] 3 6 0
13 0.26032660903 [0, 0, 62, 573, 1004] [0, 0, 0, 26, 1] 3 5 0
13 0.281460134486 [0, 0, 111, 589, 613] [0, 0, 0, 6, 0] 3 6 0
13 0.273775216138 [0, 0, 11, 619, 1325] [0, 0, 0, 31, 4] 3 5 0
13 0.275696445725 [0, 0, 50, 524, 1134] [0, 0, 0, 31, 9] 3 6 0
13 0.274735830932 [0, 0, 24, 746, 1154] [0, 0, 0, 12, 1] 3 6 0
13 0.283381364073 [0, 0, 84, 324, 1053] [0, 0, 0, 30, 6] 3 4 0
13 0.283381364073 [0, 0, 20, 704, 1068] [0, 0, 0, 9, 2] 3 5 0
13 0.269932756964 [0, 0, 51, 574, 1040] [0, 0, 0, 25, 9] 3 5 0
13 0.276657060519 [0, 1, 31, 553, 964] [0, 0, 0, 11, 1] 2 7 0
14 0.269932756964 [0, 0, 16, 591, 1360] [0, 0, 0, 24, 5] 3 6 0
14 0.298751200768 [0, 0, 32, 455, 1020] [0, 0, 0, 13, 1] 3 5 0
14 0.266090297791 [0, 1, 35, 756, 882] [0, 0, 0, 21, 4] 2 5 0
14 0.26320845341 [0, 0, 36, 596, 1181] [0, 0, 0, 11, 1] 3 6 0
14 0.28818443804 [0, 0, 31, 353, 1273] [0, 0, 0, 41, 10] 3 5 0
14 0.292987512008 [0, 0, 11, 438, 1384] [0, 0, 0, 49, 27] 3 5 0
14 0.286263208453 [0, 0, 25, 681, 1062] [0, 0, 0, 10, 0] 3 4 0
14 0.287223823247 [0, 0, 103, 851, 666] [0, 0, 0, 7, 0] 3 6 0
14 0.276657060519 [0, 0, 90, 533, 818] [0, 0, 0, 28, 5] 3 5 0
14 0.295869356388 [0, 0, 59, 756, 713] [0, 0, 0, 12, 2] 3 6 0
15 0.28818443804 [0, 0, 74, 342, 1067] [0, 0, 0, 41, 35] 3 5 0
15 0.283381364073 [0, 0, 0, 296, 835] [0, 0, 0, 52, 31] 4 3 0
15 0.299711815562 [0, 0, 4, 336, 1473] [0, 0, 0, 51, 28] 3 5 0
15 0.298751200768 [0, 0, 0, 124, 968] [0, 0, 0, 56, 68] 4 4 0
15 0.292987512008 [0, 0, 5, 231, 1117] [0, 0, 0, 48, 67] 3 4 0
15 0.295869356388 [0, 0, 0, 355, 1252] [0, 0, 0, 50, 41] 4 4 0
15 0.292987512008 [0, 0, 0, 366, 1780] [0, 0, 0, 45, 36] 4 6 0
15 0.300672430355 [0, 0, 0, 231, 976] [0, 0, 0, 56, 58] 4 4 0
15 0.30739673391 [0, 0, 15, 601, 1271] [0, 0, 0, 47, 32] 3 5 0
15 0.283381364073 [0, 0, 0, 163, 1416] [0, 0, 0, 51, 41] 4 4 0
16 0.289145052834 [0, 0, 1, 436, 1538] [0, 0, 0, 42, 26] 3 5 0
16 0.291066282421 [0, 0, 9, 202, 1031] [0, 0, 0, 49, 33] 3 4 0
16 0.301633045149 [0, 0, 9, 656, 1076] [0, 0, 0, 50, 37] 3 4 0
16 0.281460134486 [0, 0, 43, 432, 1354] [0, 0, 0, 36, 15] 3 4 0
16 0.299711815562 [0, 0, 6, 233, 1130] [0, 0, 0, 54, 63] 3 4 0
16 0.31027857829 [0, 0, 1, 285, 749] [0, 0, 0, 52, 55] 3 4 0
16 0.287223823247 [0, 0, 0, 249, 1985] [0, 0, 0, 51, 47] 4 5 0
16 0.301633045149 [0, 0, 0, 425, 1367] [0, 0, 0, 47, 30] 4 5 0
16 0.293948126801 [0, 0, 6, 374, 1527] [0, 0, 0, 49, 32] 3 5 0
16 0.292026897214 [0, 0, 4, 535, 1483] [0, 0, 0, 49, 25] 3 5 0
17 0.306436119116 [0, 0, 7, 347, 1479] [0, 0, 0, 56, 64] 3 5 0
17 0.303554274736 [0, 0, 0, 181, 1103] [0, 0, 0, 59, 58] 4 4 0
17 0.306436119116 [0, 0, 4, 225, 1450] [0, 0, 0, 55, 95] 3 4 0
17 0.296829971182 [0, 0, 0, 263, 1873] [0, 0, 0, 52, 42] 4 4 0
17 0.301633045149 [0, 0, 17, 462, 1159] [0, 0, 0, 47, 44] 3 4 0
17 0.296829971182 [0, 0, 1, 346, 1207] [0, 0, 0, 53, 48] 3 5 0
17 0.296829971182 [0, 0, 1, 357, 1724] [0, 0, 0, 50, 32] 3 5 0
17 0.309317963497 [0, 0, 8, 416, 1331] [0, 0, 0, 56, 67] 3 4 0
17 0.290105667627 [0, 0, 0, 260, 760] [0, 0, 0, 43, 30] 4 4 0
17 0.299711815562 [0, 0, 1, 444, 1645] [0, 0, 0, 49, 31] 3 4 0
18 0.309317963497 [0, 0, 1, 358, 1649] [0, 0, 0, 66, 126] 3 5 0
18 0.302593659942 [0, 0, 0, 269, 1635] [0, 0, 0, 60, 60] 4 4 0
18 0.309317963497 [0, 0, 0, 277, 872] [0, 0, 0, 54, 58] 4 3 0
18 0.321805955812 [0, 0, 18, 541, 1069] [0, 0, 0, 58, 126] 3 4 0
18 0.305475504323 [0, 0, 5, 380, 1483] [0, 0, 0, 46, 47] 3 4 0
18 0.296829971182 [0, 0, 0, 335, 1432] [0, 0, 0, 62, 90] 4 5 0
18 0.304514889529 [0, 0, 0, 293, 1482] [0, 0, 0, 56, 61] 4 5 0
18 0.311239193084 [0, 0, 1, 396, 1230] [0, 0, 0, 60, 75] 3 3 0
18 0.304514889529 [0, 0, 0, 254, 1301] [0, 0, 0, 53, 66] 4 5 0
18 0.300672430355 [0, 0, 1, 376, 745] [0, 0, 0, 45, 40] 3 3 0
19 0.324687800192 [0, 0, 1, 443, 1087] [0, 0, 0, 75, 183] 3 5 0
19 0.312199807877 [0, 0, 1, 262, 1929] [0, 0, 0, 57, 36] 3 5 0
19 0.316042267051 [0, 0, 13, 157, 912] [0, 0, 0, 59, 90] 3 3 0
19 0.31027857829 [0, 0, 1, 251, 1908] [0, 0, 0, 54, 62] 3 4 0
19 0.331412103746 [0, 0, 0, 129, 630] [0, 0, 0, 76, 125] 4 3 0
19 0.313160422671 [0, 0, 5, 222, 1003] [0, 0, 0, 63, 89] 3 4 0
19 0.330451488953 [0, 0, 0, 175, 595] [0, 0, 0, 72, 154] 4 3 0
19 0.321805955812 [0, 0, 0, 164, 764] [0, 0, 0, 59, 110] 4 4 0
19 0.321805955812 [0, 0, 0, 191, 936] [0, 0, 0, 50, 97] 4 3 0
19 0.306436119116 [0, 0, 0, 217, 993] [0, 0, 0, 55, 81] 4 3 0
20 0.320845341018 [0, 0, 3, 222, 696] [0, 0, 0, 66, 147] 3 2 0
20 0.314121037464 [0, 0, 0, 192, 1245] [0, 0, 0, 57, 86] 4 3 0
20 0.325648414986 [0, 0, 0, 352, 1030] [0, 0, 0, 75, 171] 4 3 0
20 0.321805955812 [0, 0, 0, 205, 1184] [0, 0, 0, 57, 110] 4 3 0
20 0.325648414986 [0, 0, 4, 296, 750] [0, 0, 0, 74, 102] 3 3 0
20 0.311239193084 [0, 0, 1, 350, 1743] [0, 0, 0, 57, 76] 3 6 0
20 0.317963496638 [0, 0, 0, 118, 885] [0, 0, 0, 67, 82] 4 4 0
20 0.327569644573 [0, 0, 0, 150, 824] [0, 0, 0, 76, 144] 4 4 0
20 0.322766570605 [0, 0, 0, 250, 1438] [0, 0, 0, 68, 178] 4 4 0
20 0.316042267051 [0, 0, 1, 261, 1688] [0, 0, 0, 58, 93] 3 4 0
21 0.323727185399 [0, 0, 0, 197, 950] [0, 0, 0, 60, 111] 4 4 0
21 0.324687800192 [0, 0, 2, 243, 912] [0, 0, 0, 68, 125] 3 3 0
21 0.33237271854 [0, 0, 1, 249, 1554] [0, 0, 0, 70, 125] 3 4 0
21 0.328530259366 [0, 0, 4, 194, 665] [0, 0, 0, 64, 130] 3 3 0
21 0.312199807877 [0, 0, 1, 213, 1988] [0, 0, 0, 54, 92] 3 4 0
21 0.327569644573 [0, 0, 0, 174, 855] [0, 0, 0, 71, 155] 4 2 0
21 0.341018251681 [0, 0, 8, 265, 471] [0, 0, 0, 69, 193] 3 2 0
21 0.327569644573 [0, 0, 4, 177, 719] [0, 0, 0, 60, 123] 3 3 0
21 0.317963496638 [0, 0, 0, 304, 1222] [0, 0, 0, 58, 97] 4 3 0
21 0.328530259366 [0, 0, 0, 98, 574] [0, 0, 0, 70, 163] 4 2 0
22 0.333333333333 [0, 0, 0, 159, 822] [0, 0, 0, 65, 115] 4 4 0
22 0.327569644573 [0, 0, 0, 287, 1067] [0, 0, 0, 63, 60] 4 4 0
22 0.33237271854 [0, 0, 0, 204, 631] [0, 0, 0, 73, 146] 4 2 0
22 0.319884726225 [0, 0, 0, 185, 1346] [0, 0, 0, 65, 58] 4 4 0
22 0.322766570605 [0, 0, 1, 316, 809] [0, 0, 0, 55, 93] 3 3 0
22 0.333333333333 [0, 0, 0, 113, 443] [0, 0, 0, 71, 156] 4 2 0
22 0.324687800192 [0, 0, 0, 161, 770] [0, 0, 0, 71, 139] 4 3 0
22 0.33237271854 [0, 0, 0, 137, 735] [0, 0, 0, 72, 168] 4 2 0
22 0.33525456292 [0, 0, 0, 106, 667] [0, 0, 0, 74, 228] 4 3 0
22 0.325648414986 [0, 0, 0, 233, 1365] [0, 0, 0, 62, 121] 4 3 0
23 0.334293948127 [0, 0, 0, 127, 449] [0, 0, 0, 73, 176] 4 2 0
23 0.330451488953 [0, 0, 0, 172, 1046] [0, 0, 0, 67, 154] 4 4 0
23 0.33237271854 [0, 0, 0, 218, 934] [0, 0, 0, 62, 128] 4 3 0
23 0.336215177714 [0, 0, 0, 91, 777] [0, 0, 0, 68, 184] 4 3 0
23 0.33525456292 [0, 0, 0, 198, 685] [0, 0, 0, 78, 160] 4 3 0
23 0.340057636888 [0, 0, 0, 115, 498] [0, 0, 0, 65, 209] 4 2 0
23 0.33237271854 [0, 0, 0, 145, 803] [0, 0, 0, 69, 198] 4 3 0
23 0.328530259366 [0, 0, 0, 272, 1102] [0, 0, 0, 61, 170] 4 4 0
23 0.336215177714 [0, 0, 6, 308, 1048] [0, 0, 0, 72, 187] 3 3 0
23 0.338136407301 [0, 0, 0, 163, 662] [0, 0, 0, 69, 161] 4 3 0
24 0.342939481268 [0, 0, 0, 155, 575] [0, 0, 0, 69, 173] 4 2 0
24 0.338136407301 [0, 0, 0, 121, 469] [0, 0, 0, 71, 158] 4 2 0
24 0.346781940442 [0, 0, 0, 123, 436] [0, 0, 0, 76, 209] 4 2 0
24 0.346781940442 [0, 0, 9, 271, 472] [0, 0, 0, 72, 238] 3 2 0
24 0.343900096061 [0, 0, 0, 85, 435] [0, 0, 0, 72, 207] 4 2 0
24 0.340057636888 [0, 0, 0, 110, 551] [0, 0, 0, 66, 189] 4 2 0
24 0.336215177714 [0, 0, 0, 136, 541] [0, 0, 0, 71, 188] 4 2 0
24 0.342939481268 [0, 0, 0, 113, 479] [0, 0, 0, 76, 177] 4 2 0
24 0.336215177714 [0, 0, 0, 198, 530] [0, 0, 0, 63, 116] 4 2 0
24 0.33525456292 [0, 0, 0, 187, 584] [0, 0, 0, 67, 155] 4 3 0
25 0.342939481268 [0, 0, 0, 111, 862] [0, 0, 0, 70, 187] 4 3 0
25 0.343900096061 [0, 0, 0, 102, 483] [0, 0, 0, 75, 228] 4 2 0
25 0.33237271854 [0, 0, 0, 130, 507] [0, 0, 0, 70, 173] 4 2 0
25 0.347742555235 [0, 0, 0, 75, 413] [0, 0, 0, 71, 258] 4 2 0
25 0.338136407301 [0, 0, 0, 158, 595] [0, 0, 0, 69, 172] 4 2 0
25 0.35446685879 [0, 0, 0, 79, 353] [0, 0, 0, 77, 301] 4 2 0
25 0.343900096061 [0, 0, 0, 110, 546] [0, 0, 0, 66, 224] 4 3 0
25 0.351585014409 [0, 0, 0, 92, 311] [0, 0, 0, 71, 249] 4 2 0
25 0.346781940442 [0, 0, 0, 141, 471] [0, 0, 0, 76, 194] 4 2 0
25 0.337175792507 [0, 0, 0, 108, 630] [0, 0, 0, 71, 192] 4 2 0
26 0.349663784822 [0, 0, 0, 93, 384] [0, 0, 0, 72, 239] 4 2 0
26 0.347742555235 [0, 0, 0, 142, 515] [0, 0, 0, 75, 262] 4 2 0
26 0.351585014409 [0, 0, 0, 118, 563] [0, 0, 0, 75, 254] 4 3 0
26 0.351585014409 [0, 0, 0, 95, 433] [0, 0, 0, 75, 220] 4 2 0
26 0.347742555235 [0, 0, 0, 78, 448] [0, 0, 0, 73, 224] 4 2 0
26 0.350624399616 [0, 0, 0, 126, 556] [0, 0, 0, 70, 233] 4 2 0
26 0.345821325648 [0, 0, 0, 100, 407] [0, 0, 0, 74, 249] 4 3 0
26 0.349663784822 [0, 0, 0, 98, 381] [0, 0, 0, 76, 238] 4 2 0
26 0.350624399616 [0, 0, 0, 108, 523] [0, 0, 0, 69, 249] 4 3 0
26 0.347742555235 [0, 0, 0, 98, 584] [0, 0, 0, 72, 231] 4 2 0
27 0.356388088377 [0, 0, 0, 85, 328] [0, 0, 0, 78, 240] 4 2 0
27 0.35734870317 [0, 0, 0, 82, 348] [0, 0, 0, 75, 256] 4 2 0
27 0.356388088377 [0, 0, 0, 85, 331] [0, 0, 0, 77, 298] 4 2 0
27 0.35446685879 [0, 0, 0, 86, 425] [0, 0, 0, 76, 247] 4 3 0
27 0.35446685879 [0, 0, 0, 79, 349] [0, 0, 0, 67, 277] 4 2 0
27 0.355427473583 [0, 0, 0, 123, 459] [0, 0, 0, 72, 255] 4 2 0
27 0.35446685879 [0, 0, 0, 88, 348] [0, 0, 0, 71, 222] 4 2 0
27 0.356388088377 [0, 0, 0, 78, 366] [0, 0, 0, 72, 270] 4 2 0
27 0.35734870317 [0, 0, 0, 77, 327] [0, 0, 0, 73, 259] 4 2 0
27 0.356388088377 [0, 0, 0, 77, 327] [0, 0, 0, 75, 267] 4 2 0
28 0.355427473583 [0, 0, 0, 86, 382] [0, 0, 0, 73, 258] 4 2 0
28 0.35734870317 [0, 0, 0, 81, 288] [0, 0, 0, 74, 259] 4 2 0
28 0.359269932757 [0, 0, 0, 87, 348] [0, 0, 0, 77, 269] 4 2 0
28 0.362151777137 [0, 0, 0, 76, 328] [0, 0, 0, 76, 328] 4 2 0
28 0.362151777137 [0, 0, 0, 75, 287] [0, 0, 0, 75, 287] 4 2 0
28 0.358309317963 [0, 0, 0, 83, 398] [0, 0, 0, 79, 270] 4 2 0
28 0.358309317963 [0, 0, 0, 72, 310] [0, 0, 0, 72, 237] 4 2 0
28 0.356388088377 [0, 0, 0, 73, 435] [0, 0, 0, 69, 275] 4 2 0
28 0.36023054755 [0, 0, 0, 73, 272] [0, 0, 0, 73, 268] 4 2 0
28 0.362151777137 [0, 0, 0, 75, 263] [0, 0, 0, 75, 263] 4 2 0
29 0.363112391931 [0, 0, 0, 75, 311] [0, 0, 0, 75, 311] 4 2 0
29 0.363112391931 [0, 0, 0, 73, 276] [0, 0, 0, 73, 276] 4 2 0
29 0.363112391931 [0, 0, 0, 69, 304] [0, 0, 0, 69, 304] 4 2 0
29 0.363112391931 [0, 0, 0, 78, 330] [0, 0, 0, 78, 330] 4 2 0
29 0.363112391931 [0, 0, 0, 73, 270] [0, 0, 0, 73, 270] 4 2 0
29 0.363112391931 [0, 0, 0, 76, 317] [0, 0, 0, 76, 317] 4 2 0
29 0.363112391931 [0, 0, 0, 72, 331] [0, 0, 0, 72, 331] 4 2 0
29 0.363112391931 [0, 0, 0, 75, 328] [0, 0, 0, 75, 328] 4 2 0
29 0.363112391931 [0, 0, 0, 75, 297] [0, 0, 0, 75, 297] 4 2 0
29 0.363112391931 [0, 0, 0, 71, 284] [0, 0, 0, 71, 284] 4 2 0
30 0.363112391931 [0, 0, 0, 76, 306] [0, 0, 0, 76, 306] 4 2 0
30 0.363112391931 [0, 0, 0, 76, 298] [0, 0, 0, 76, 298] 4 2 0
30 0.363112391931 [0, 0, 0, 76, 286] [0, 0, 0, 76, 286] 4 2 0
30 0.363112391931 [0, 0, 0, 78, 282] [0, 0, 0, 78, 282] 4 2 0
30 0.363112391931 [0, 0, 0, 74, 277] [0, 0, 0, 74, 277] 4 2 0
30 0.363112391931 [0, 0, 0, 79, 275] [0, 0, 0, 79, 275] 4 2 0
30 0.363112391931 [0, 0, 0, 76, 301] [0, 0, 0, 76, 301] 4 2 0
30 0.363112391931 [0, 0, 0, 76, 268] [0, 0, 0, 76, 268] 4 2 0
30 0.363112391931 [0, 0, 0, 77, 272] [0, 0, 0, 77, 272] 4 2 0
30 0.363112391931 [0, 0, 0, 75, 293] [0, 0, 0, 75, 293] 4 2 0
