Cutoff 100
N1 10000
MaxLen1 12
Nsp D_var_sites Len_distribution WORKS_len_distribution Shortest_combination n_Independent_combinations n_Key_positions
2 0.176291793313 [12, 362, 0, 0, 0] [4, 0, 0, 0, 0] 1 31 0
2 0.162613981763 [11, 307, 0, 0, 0] [4, 0, 0, 0, 0] 1 33 0
2 0.179331306991 [10, 323, 0, 0, 0] [4, 0, 0, 0, 0] 1 27 0
2 0.176291793313 [10, 332, 0, 0, 0] [4, 0, 0, 0, 0] 1 28 0
2 0.127659574468 [12, 587, 0, 0, 0] [4, 0, 0, 0, 0] 1 39 0
2 0.185410334347 [10, 434, 0, 0, 0] [4, 3, 0, 0, 0] 1 28 0
2 0.182370820669 [13, 399, 0, 0, 0] [4, 2, 0, 0, 0] 1 33 0
2 0.159574468085 [11, 486, 0, 0, 0] [4, 0, 0, 0, 0] 1 31 0
2 0.179331306991 [13, 262, 0, 0, 0] [4, 0, 0, 0, 0] 1 30 0
2 0.161094224924 [10, 530, 0, 0, 0] [4, 0, 0, 0, 0] 1 34 0
3 0.171732522796 [10, 280, 0, 0, 0] [4, 0, 0, 0, 0] 1 24 0
3 0.200607902736 [10, 174, 0, 0, 0] [4, 0, 0, 0, 0] 1 24 0
3 0.19452887538 [9, 209, 0, 0, 0] [4, 0, 0, 0, 0] 1 23 0
3 0.179331306991 [11, 315, 0, 0, 0] [4, 0, 0, 0, 0] 1 27 0
3 0.199088145897 [11, 333, 0, 0, 0] [4, 0, 0, 0, 0] 1 29 0
3 0.197568389058 [12, 207, 0, 0, 0] [4, 0, 0, 0, 0] 1 25 0
3 0.209726443769 [9, 352, 0, 0, 0] [4, 0, 0, 0, 0] 1 24 0
3 0.16717325228 [9, 297, 0, 0, 0] [4, 3, 0, 0, 0] 1 28 0
3 0.182370820669 [11, 227, 0, 0, 0] [4, 0, 0, 0, 0] 1 26 0
3 0.212765957447 [11, 221, 0, 0, 0] [4, 0, 0, 0, 0] 1 23 0
4 0.206686930091 [10, 226, 0, 0, 0] [4, 0, 0, 0, 0] 1 23 0
4 0.220364741641 [7, 157, 0, 0, 0] [4, 4, 0, 0, 0] 1 20 0
4 0.238601823708 [10, 150, 0, 0, 0] [4, 0, 0, 0, 0] 1 18 0
4 0.203647416413 [9, 256, 0, 0, 0] [4, 2, 0, 0, 0] 1 24 0
4 0.227963525836 [10, 158, 0, 0, 0] [4, 0, 0, 0, 0] 1 21 0
4 0.215805471125 [8, 200, 0, 0, 0] [4, 4, 0, 0, 0] 1 21 0
4 0.229483282675 [9, 192, 0, 0, 0] [4, 3, 0, 0, 0] 1 21 0
4 0.218844984802 [12, 131, 0, 0, 0] [4, 0, 0, 0, 0] 1 25 0
4 0.206686930091 [11, 130, 0, 0, 0] [4, 0, 0, 0, 0] 1 20 0
4 0.202127659574 [10, 139, 0, 0, 0] [4, 0, 0, 0, 0] 1 20 0
5 0.255319148936 [10, 47, 0, 0, 0] [4, 0, 0, 0, 0] 1 19 0
5 0.238601823708 [11, 27, 0, 0, 0] [4, 0, 0, 0, 0] 1 16 0
5 0.238601823708 [8, 125, 0, 0, 0] [4, 0, 0, 0, 0] 1 18 0
5 0.241641337386 [9, 96, 0, 0, 0] [4, 0, 0, 0, 0] 1 18 0
5 0.246200607903 [10, 145, 0, 0, 0] [4, 0, 0, 0, 0] 1 19 0
5 0.240121580547 [9, 47, 0, 0, 0] [4, 0, 0, 0, 0] 1 17 0
5 0.258358662614 [10, 89, 0, 0, 0] [4, 0, 0, 0, 0] 1 17 0
5 0.265957446809 [9, 77, 0, 0, 0] [4, 0, 0, 0, 0] 1 18 0
5 0.246200607903 [8, 80, 0, 0, 0] [4, 0, 0, 0, 0] 1 16 0
5 0.232522796353 [9, 135, 0, 0, 0] [4, 0, 0, 0, 0] 1 19 0
6 0.229483282675 [9, 124, 0, 0, 0] [4, 0, 0, 0, 0] 1 16 0
6 0.276595744681 [9, 86, 0, 0, 0] [4, 0, 0, 0, 0] 1 16 0
6 0.267477203647 [9, 106, 0, 0, 0] [4, 0, 0, 0, 0] 1 19 0
6 0.227963525836 [9, 147, 0, 0, 0] [4, 0, 0, 0, 0] 1 20 0
6 0.23556231003 [6, 158, 11, 0, 0] [4, 4, 0, 0, 0] 1 17 0
6 0.26443768997 [8, 91, 0, 0, 0] [4, 4, 0, 0, 0] 1 17 0
6 0.265957446809 [8, 81, 0, 0, 0] [4, 4, 0, 0, 0] 1 15 0
6 0.247720364742 [10, 159, 0, 0, 0] [4, 0, 0, 0, 0] 1 19 0
6 0.234042553191 [8, 172, 0, 0, 0] [4, 4, 0, 0, 0] 1 16 0
6 0.265957446809 [10, 39, 0, 0, 0] [4, 0, 0, 0, 0] 1 16 0
7 0.261398176292 [8, 57, 0, 0, 0] [4, 0, 0, 0, 0] 1 13 0
7 0.250759878419 [8, 116, 0, 0, 0] [4, 4, 0, 0, 0] 1 17 0
7 0.256838905775 [9, 85, 0, 0, 0] [4, 0, 0, 0, 0] 1 15 0
7 0.258358662614 [7, 100, 2, 0, 0] [4, 4, 0, 0, 0] 1 16 0
7 0.26443768997 [7, 59, 24, 0, 0] [4, 0, 0, 0, 0] 1 15 0
7 0.293313069909 [8, 45, 0, 0, 0] [4, 0, 0, 0, 0] 1 13 0
7 0.252279635258 [8, 73, 0, 0, 0] [4, 0, 0, 0, 0] 1 16 0
7 0.256838905775 [8, 91, 0, 0, 0] [4, 0, 0, 0, 0] 1 13 0
7 0.268996960486 [9, 110, 0, 0, 0] [4, 0, 0, 0, 0] 1 17 0
7 0.284194528875 [8, 51, 0, 0, 0] [4, 4, 0, 0, 0] 1 14 0
8 0.275075987842 [7, 53, 16, 0, 0] [4, 4, 0, 0, 0] 1 14 0
8 0.275075987842 [8, 40, 2, 0, 0] [4, 0, 0, 0, 0] 1 15 0
8 0.279635258359 [6, 115, 8, 0, 0] [4, 4, 0, 0, 0] 1 14 0
8 0.285714285714 [9, 20, 0, 0, 0] [4, 0, 0, 0, 0] 1 13 0
8 0.270516717325 [8, 66, 0, 0, 0] [4, 3, 0, 0, 0] 1 16 0
8 0.273556231003 [6, 78, 27, 0, 0] [4, 4, 0, 0, 0] 1 14 0
8 0.282674772036 [7, 94, 0, 0, 0] [4, 4, 0, 0, 0] 1 15 0
8 0.276595744681 [7, 78, 3, 0, 0] [4, 4, 0, 0, 0] 1 14 0
8 0.310030395137 [7, 59, 8, 0, 0] [4, 0, 0, 0, 0] 1 13 0
8 0.26443768997 [8, 105, 0, 0, 0] [4, 0, 0, 0, 0] 1 19 0
9 0.288753799392 [8, 58, 0, 0, 0] [4, 0, 0, 0, 0] 1 13 0
9 0.279635258359 [7, 57, 12, 0, 0] [4, 4, 0, 0, 0] 1 13 0
9 0.284194528875 [8, 40, 0, 0, 0] [4, 0, 0, 0, 0] 1 14 0
9 0.281155015198 [8, 111, 0, 0, 0] [4, 4, 0, 0, 0] 1 15 0
9 0.303951367781 [7, 43, 7, 0, 0] [4, 4, 0, 0, 0] 1 12 0
9 0.294832826748 [10, 31, 0, 0, 0] [4, 0, 0, 0, 0] 1 15 0
9 0.287234042553 [8, 48, 0, 0, 0] [4, 0, 0, 0, 0] 1 13 0
9 0.293313069909 [7, 53, 10, 0, 0] [4, 4, 0, 0, 0] 1 14 0
9 0.285714285714 [7, 23, 13, 0, 0] [4, 0, 0, 0, 0] 1 13 0
9 0.297872340426 [8, 25, 0, 0, 0] [4, 0, 0, 0, 0] 1 12 0
10 0.317629179331 [7, 81, 1, 0, 0] [4, 4, 0, 0, 0] 1 14 0
10 0.288753799392 [8, 23, 3, 0, 0] [4, 0, 0, 0, 0] 1 12 0
10 0.299392097264 [8, 28, 0, 0, 0] [4, 0, 0, 0, 0] 1 14 0
10 0.310030395137 [7, 51, 1, 0, 0] [4, 4, 0, 0, 0] 1 12 0
10 0.296352583587 [8, 23, 0, 0, 0] [4, 0, 0, 0, 0] 1 12 0
10 0.27811550152 [9, 68, 0, 0, 0] [4, 4, 0, 0, 0] 1 15 0
10 0.29179331307 [9, 23, 0, 0, 0] [4, 0, 0, 0, 0] 1 13 0
10 0.303951367781 [8, 22, 1, 0, 0] [4, 0, 0, 0, 0] 1 12 0
10 0.276595744681 [8, 48, 0, 0, 0] [4, 4, 0, 0, 0] 1 16 0
10 0.258358662614 [8, 81, 0, 0, 0] [4, 0, 0, 0, 0] 1 14 0
11 0.30547112462 [8, 40, 0, 0, 0] [4, 4, 0, 0, 0] 1 13 0
11 0.310030395137 [8, 23, 1, 0, 0] [4, 0, 0, 0, 0] 1 12 0
11 0.300911854103 [7, 91, 0, 0, 0] [4, 4, 0, 0, 0] 1 13 0
11 0.30547112462 [8, 23, 1, 0, 0] [4, 0, 0, 0, 0] 1 13 0
11 0.29179331307 [8, 16, 4, 0, 0] [4, 0, 0, 0, 0] 1 11 0
11 0.314589665653 [7, 33, 15, 0, 0] [4, 0, 0, 0, 0] 1 13 0
11 0.30547112462 [7, 43, 5, 0, 0] [4, 4, 0, 0, 0] 1 12 0
11 0.297872340426 [7, 48, 8, 0, 0] [4, 4, 0, 0, 0] 1 13 0
11 0.290273556231 [6, 96, 14, 0, 0] [4, 4, 0, 0, 0] 1 14 0
11 0.29179331307 [7, 74, 3, 0, 0] [4, 4, 0, 0, 0] 1 15 0
12 0.322188449848 [6, 40, 10, 0, 0] [4, 4, 0, 0, 0] 1 11 0
12 0.331306990881 [9, 3, 0, 0, 0] [4, 0, 0, 0, 0] 1 10 0
12 0.328267477204 [8, 13, 1, 0, 0] [4, 3, 0, 0, 0] 1 11 0
12 0.306990881459 [7, 49, 6, 0, 0] [4, 0, 0, 0, 0] 1 14 0
12 0.311550151976 [7, 74, 4, 0, 0] [4, 4, 0, 0, 0] 1 14 0
12 0.290273556231 [7, 61, 4, 0, 0] [4, 4, 0, 0, 0] 1 13 0
12 0.317629179331 [6, 31, 8, 0, 0] [4, 4, 0, 0, 0] 1 11 0
12 0.282674772036 [7, 60, 6, 0, 0] [4, 4, 0, 0, 0] 1 14 0
12 0.322188449848 [7, 17, 5, 0, 0] [4, 0, 0, 0, 0] 1 12 0
12 0.30547112462 [6, 42, 25, 0, 0] [4, 4, 0, 0, 0] 1 13 0
13 0.311550151976 [7, 22, 8, 0, 0] [4, 0, 0, 0, 0] 1 12 0
13 0.316109422492 [7, 39, 1, 0, 0] [4, 4, 0, 0, 0] 1 10 0
13 0.306990881459 [7, 89, 0, 0, 0] [4, 4, 0, 0, 0] 1 14 0
13 0.323708206687 [6, 26, 7, 0, 0] [4, 4, 0, 0, 0] 1 9 0
13 0.320668693009 [6, 34, 7, 0, 0] [4, 4, 0, 0, 0] 1 11 0
13 0.326747720365 [7, 30, 3, 0, 0] [4, 4, 0, 0, 0] 1 10 0
13 0.322188449848 [7, 32, 2, 0, 0] [4, 4, 0, 0, 0] 1 12 0
13 0.320668693009 [7, 35, 4, 0, 0] [4, 4, 0, 0, 0] 1 11 0
13 0.31914893617 [8, 6, 1, 0, 0] [4, 0, 0, 0, 0] 1 10 0
13 0.328267477204 [7, 24, 2, 0, 0] [4, 0, 0, 0, 0] 1 12 0
14 0.320668693009 [7, 34, 2, 0, 0] [4, 4, 0, 0, 0] 1 11 0
14 0.316109422492 [6, 47, 21, 0, 0] [4, 4, 0, 0, 0] 1 12 0
14 0.322188449848 [8, 12, 1, 0, 0] [4, 0, 0, 0, 0] 1 11 0
14 0.314589665653 [7, 40, 4, 0, 0] [4, 4, 0, 0, 0] 1 12 0
14 0.33282674772 [8, 11, 1, 0, 0] [4, 0, 0, 0, 0] 1 12 0
14 0.313069908815 [6, 27, 16, 0, 0] [4, 4, 0, 0, 0] 1 10 0
14 0.329787234043 [8, 35, 1, 0, 0] [4, 4, 0, 0, 0] 1 12 0
14 0.329787234043 [6, 37, 9, 0, 0] [4, 4, 0, 0, 0] 1 12 0
14 0.317629179331 [6, 61, 2, 0, 0] [4, 4, 0, 0, 0] 1 10 0
14 0.31914893617 [8, 15, 1, 0, 0] [4, 0, 0, 0, 0] 1 11 0
15 0.328267477204 [7, 34, 4, 0, 0] [4, 4, 0, 0, 0] 1 11 0
15 0.302431610942 [6, 48, 19, 0, 0] [4, 4, 0, 0, 0] 1 13 0
15 0.331306990881 [7, 17, 1, 0, 0] [4, 0, 0, 0, 0] 1 11 0
15 0.331306990881 [8, 13, 3, 0, 0] [4, 0, 0, 0, 0] 1 11 0
15 0.341945288754 [7, 26, 2, 0, 0] [4, 4, 0, 0, 0] 1 10 0
15 0.328267477204 [6, 22, 6, 0, 0] [4, 4, 0, 0, 0] 1 11 0
15 0.340425531915 [6, 30, 5, 0, 0] [4, 4, 0, 0, 0] 1 10 0
15 0.325227963526 [7, 30, 2, 0, 0] [4, 4, 0, 0, 0] 1 11 0
15 0.338905775076 [7, 10, 1, 0, 0] [4, 0, 0, 0, 0] 1 11 0
15 0.317629179331 [7, 34, 5, 0, 0] [4, 4, 0, 0, 0] 1 11 0
16 0.335866261398 [7, 11, 5, 0, 0] [4, 4, 0, 0, 0] 1 9 0
16 0.320668693009 [7, 30, 3, 0, 0] [4, 4, 0, 0, 0] 1 11 0
16 0.329787234043 [7, 41, 5, 0, 0] [4, 4, 0, 0, 0] 1 11 0
16 0.328267477204 [7, 14, 3, 0, 0] [4, 4, 0, 0, 0] 1 9 0
16 0.325227963526 [7, 40, 5, 0, 0] [4, 4, 0, 0, 0] 1 12 0
16 0.346504559271 [7, 17, 1, 0, 0] [4, 4, 0, 0, 0] 1 10 0
16 0.322188449848 [8, 15, 0, 0, 0] [4, 0, 0, 0, 0] 1 11 0
16 0.31914893617 [7, 28, 7, 0, 0] [4, 4, 0, 0, 0] 1 12 0
16 0.33282674772 [7, 9, 1, 0, 0] [4, 0, 0, 0, 0] 1 10 0
16 0.340425531915 [6, 25, 4, 0, 0] [4, 4, 0, 0, 0] 1 10 0
17 0.337386018237 [6, 22, 9, 0, 0] [4, 4, 0, 0, 0] 1 9 0
17 0.346504559271 [6, 28, 6, 0, 0] [4, 4, 0, 0, 0] 1 10 0
17 0.334346504559 [6, 34, 1, 0, 0] [4, 4, 0, 0, 0] 1 10 0
17 0.341945288754 [6, 23, 16, 0, 0] [4, 4, 0, 0, 0] 1 10 0
17 0.322188449848 [7, 34, 5, 0, 0] [4, 4, 0, 0, 0] 1 11 0
17 0.331306990881 [6, 69, 3, 0, 0] [4, 4, 0, 0, 0] 1 12 0
17 0.325227963526 [6, 27, 8, 0, 0] [4, 4, 0, 0, 0] 1 10 0
17 0.338905775076 [6, 23, 2, 0, 0] [4, 4, 0, 0, 0] 1 9 0
17 0.344984802432 [6, 13, 7, 0, 0] [4, 4, 0, 0, 0] 1 9 0
17 0.328267477204 [6, 29, 13, 0, 0] [4, 4, 0, 0, 0] 1 10 0
18 0.341945288754 [7, 23, 0, 0, 0] [4, 4, 0, 0, 0] 1 9 0
18 0.341945288754 [6, 12, 10, 0, 0] [4, 4, 1, 0, 0] 1 9 0
18 0.33282674772 [6, 31, 12, 0, 0] [4, 4, 1, 0, 0] 1 11 0
18 0.337386018237 [8, 6, 0, 0, 0] [4, 0, 0, 0, 0] 1 10 0
18 0.335866261398 [7, 28, 3, 0, 0] [4, 4, 0, 0, 0] 1 11 0
18 0.343465045593 [6, 15, 1, 0, 0] [4, 4, 0, 0, 0] 1 8 0
18 0.343465045593 [7, 22, 4, 0, 0] [4, 4, 0, 0, 0] 1 11 0
18 0.340425531915 [6, 27, 6, 0, 0] [4, 4, 1, 0, 0] 1 10 0
18 0.346504559271 [7, 19, 0, 0, 0] [4, 4, 0, 0, 0] 1 10 0
18 0.328267477204 [6, 42, 8, 0, 0] [4, 4, 0, 0, 0] 1 11 0
19 0.334346504559 [6, 30, 3, 0, 0] [4, 4, 0, 0, 0] 1 10 0
19 0.344984802432 [6, 27, 1, 0, 0] [4, 4, 0, 0, 0] 1 9 0
19 0.337386018237 [6, 20, 8, 0, 0] [4, 4, 2, 0, 0] 1 10 0
19 0.334346504559 [6, 20, 6, 0, 0] [4, 4, 0, 0, 0] 1 10 0
19 0.349544072948 [6, 17, 5, 0, 0] [4, 4, 0, 0, 0] 1 10 0
19 0.343465045593 [7, 17, 0, 0, 0] [4, 4, 0, 0, 0] 1 9 0
19 0.348024316109 [7, 9, 2, 0, 0] [4, 0, 0, 0, 0] 1 9 0
19 0.346504559271 [7, 13, 3, 0, 0] [4, 4, 0, 0, 0] 1 10 0
19 0.355623100304 [6, 11, 3, 0, 0] [4, 4, 0, 0, 0] 1 8 0
19 0.348024316109 [7, 15, 2, 0, 0] [4, 4, 0, 0, 0] 1 9 0
20 0.346504559271 [6, 27, 3, 0, 0] [4, 4, 1, 0, 0] 1 10 0
20 0.341945288754 [7, 27, 4, 0, 0] [4, 4, 1, 0, 0] 1 12 0
20 0.344984802432 [6, 10, 3, 0, 0] [4, 4, 0, 0, 0] 1 8 0
20 0.358662613982 [6, 18, 4, 0, 0] [4, 4, 0, 0, 0] 1 8 0
20 0.340425531915 [7, 17, 2, 0, 0] [4, 4, 0, 0, 0] 1 10 0
20 0.338905775076 [6, 25, 2, 0, 0] [4, 4, 0, 0, 0] 1 10 0
20 0.348024316109 [6, 22, 2, 0, 0] [4, 4, 0, 0, 0] 1 9 0
20 0.349544072948 [6, 15, 2, 0, 0] [4, 4, 1, 0, 0] 1 8 0
20 0.351063829787 [7, 11, 0, 0, 0] [4, 4, 0, 0, 0] 1 9 0
20 0.329787234043 [7, 24, 5, 0, 0] [4, 4, 0, 0, 0] 1 10 0
21 0.351063829787 [6, 23, 3, 0, 0] [4, 4, 1, 0, 0] 1 9 0
21 0.346504559271 [7, 9, 2, 0, 0] [4, 4, 0, 0, 0] 1 9 0
21 0.354103343465 [6, 12, 2, 0, 0] [4, 4, 0, 0, 0] 1 9 0
21 0.358662613982 [6, 11, 3, 0, 0] [4, 4, 0, 0, 0] 1 8 0
21 0.348024316109 [6, 23, 11, 0, 0] [4, 4, 0, 0, 0] 1 10 0
21 0.348024316109 [6, 12, 1, 0, 0] [4, 4, 1, 0, 0] 1 8 0
21 0.354103343465 [8, 14, 0, 0, 0] [4, 4, 0, 0, 0] 1 10 0
21 0.357142857143 [6, 17, 1, 0, 0] [4, 4, 0, 0, 0] 1 8 0
21 0.354103343465 [7, 10, 0, 0, 0] [4, 4, 0, 0, 0] 1 9 0
21 0.343465045593 [7, 15, 6, 0, 0] [4, 4, 0, 0, 0] 1 9 0
22 0.355623100304 [6, 13, 2, 0, 0] [4, 4, 0, 0, 0] 1 9 0
22 0.351063829787 [6, 9, 2, 0, 0] [4, 4, 0, 0, 0] 1 8 0
22 0.354103343465 [6, 16, 5, 0, 0] [4, 4, 0, 0, 0] 1 10 0
22 0.341945288754 [6, 28, 3, 0, 0] [4, 4, 0, 0, 0] 1 11 0
22 0.352583586626 [6, 17, 9, 0, 0] [4, 4, 0, 0, 0] 1 10 0
22 0.352583586626 [7, 5, 2, 0, 0] [4, 0, 0, 0, 0] 1 9 0
22 0.354103343465 [7, 7, 3, 0, 0] [4, 0, 0, 0, 0] 1 9 0
22 0.344984802432 [6, 14, 7, 0, 0] [4, 4, 0, 0, 0] 1 9 0
22 0.354103343465 [6, 17, 2, 0, 0] [4, 4, 1, 0, 0] 1 8 0
22 0.354103343465 [6, 20, 0, 0, 0] [4, 4, 0, 0, 0] 1 9 0
23 0.354103343465 [6, 13, 8, 0, 0] [4, 4, 1, 0, 0] 1 9 0
23 0.351063829787 [7, 13, 1, 0, 0] [4, 4, 0, 0, 0] 1 9 0
23 0.36170212766 [6, 16, 0, 0, 0] [4, 4, 0, 0, 0] 1 8 0
23 0.357142857143 [7, 16, 1, 0, 0] [4, 4, 0, 0, 0] 1 10 0
23 0.358662613982 [6, 12, 4, 0, 0] [4, 4, 0, 0, 0] 1 9 0
23 0.36170212766 [6, 18, 1, 0, 0] [4, 4, 0, 0, 0] 1 9 0
23 0.355623100304 [6, 9, 1, 0, 0] [4, 4, 0, 0, 0] 1 8 0
23 0.357142857143 [6, 12, 4, 0, 0] [4, 4, 0, 0, 0] 1 8 0
23 0.357142857143 [6, 17, 0, 0, 0] [4, 4, 0, 0, 0] 1 9 0
23 0.355623100304 [6, 13, 1, 0, 0] [4, 4, 0, 0, 0] 1 8 0
24 0.357142857143 [7, 16, 1, 0, 0] [4, 4, 0, 0, 0] 1 9 0
24 0.357142857143 [6, 14, 0, 0, 0] [4, 4, 0, 0, 0] 1 8 0
24 0.344984802432 [7, 20, 1, 0, 0] [4, 4, 0, 0, 0] 1 10 0
24 0.360182370821 [6, 18, 4, 0, 0] [4, 4, 1, 0, 0] 1 9 0
24 0.354103343465 [7, 10, 2, 0, 0] [4, 4, 0, 0, 0] 1 9 0
24 0.357142857143 [6, 15, 1, 0, 0] [4, 4, 0, 0, 0] 1 8 0
24 0.355623100304 [6, 13, 1, 0, 0] [4, 4, 1, 0, 0] 1 9 0
24 0.357142857143 [6, 13, 1, 0, 0] [4, 4, 0, 0, 0] 1 8 0
24 0.346504559271 [6, 15, 5, 0, 0] [4, 4, 1, 0, 0] 1 9 0
24 0.355623100304 [7, 10, 4, 0, 0] [4, 4, 1, 0, 0] 1 9 0
25 0.348024316109 [6, 11, 4, 0, 0] [4, 4, 1, 0, 0] 1 9 0
25 0.358662613982 [6, 14, 3, 0, 0] [4, 4, 0, 0, 0] 1 9 0
25 0.360182370821 [7, 9, 1, 0, 0] [4, 4, 0, 0, 0] 1 9 0
25 0.360182370821 [6, 14, 0, 0, 0] [4, 4, 0, 0, 0] 1 8 0
25 0.354103343465 [6, 16, 8, 0, 0] [4, 4, 0, 0, 0] 1 10 0
25 0.355623100304 [6, 21, 2, 0, 0] [4, 4, 0, 0, 0] 1 9 0
25 0.351063829787 [6, 14, 7, 0, 0] [4, 4, 0, 0, 0] 1 9 0
25 0.36170212766 [6, 9, 3, 0, 0] [4, 4, 0, 0, 0] 1 8 0
25 0.36170212766 [6, 16, 0, 0, 0] [4, 4, 0, 0, 0] 1 9 0
25 0.357142857143 [6, 15, 5, 0, 0] [4, 4, 2, 0, 0] 1 10 0
26 0.357142857143 [6, 11, 3, 0, 0] [4, 4, 1, 0, 0] 1 8 0
26 0.36170212766 [6, 12, 1, 0, 0] [4, 4, 0, 0, 0] 1 9 0
26 0.364741641337 [6, 9, 3, 0, 0] [4, 4, 3, 0, 0] 1 8 0
26 0.358662613982 [6, 13, 0, 0, 0] [4, 4, 0, 0, 0] 1 8 0
26 0.360182370821 [6, 12, 0, 0, 0] [4, 4, 0, 0, 0] 1 8 0
26 0.36170212766 [6, 12, 2, 0, 0] [4, 4, 0, 0, 0] 1 9 0
26 0.357142857143 [6, 22, 4, 0, 0] [4, 4, 1, 0, 0] 1 9 0
26 0.36170212766 [6, 17, 2, 0, 0] [4, 4, 0, 0, 0] 1 10 0
26 0.358662613982 [6, 10, 3, 0, 0] [4, 4, 1, 0, 0] 1 8 0
26 0.363221884498 [6, 16, 5, 0, 0] [4, 4, 1, 0, 0] 1 8 0
27 0.36170212766 [6, 15, 0, 0, 0] [4, 4, 0, 0, 0] 1 8 0
27 0.36170212766 [6, 9, 2, 0, 0] [4, 4, 0, 0, 0] 1 8 0
27 0.352583586626 [6, 20, 11, 0, 0] [4, 4, 0, 0, 0] 1 10 0
27 0.358662613982 [7, 16, 0, 0, 0] [4, 4, 0, 0, 0] 1 9 0
27 0.363221884498 [6, 10, 0, 0, 0] [4, 4, 0, 0, 0] 1 8 0
27 0.363221884498 [6, 9, 1, 0, 0] [4, 4, 0, 0, 0] 1 8 0
27 0.366261398176 [6, 9, 2, 0, 0] [4, 4, 0, 0, 0] 1 8 0
27 0.363221884498 [6, 15, 0, 0, 0] [4, 4, 0, 0, 0] 1 8 0
27 0.364741641337 [7, 3, 0, 0, 0] [4, 0, 0, 0, 0] 1 8 0
27 0.360182370821 [6, 10, 3, 0, 0] [4, 4, 0, 0, 0] 1 8 0
28 0.363221884498 [6, 11, 3, 0, 0] [4, 4, 0, 0, 0] 1 8 0
28 0.36170212766 [7, 11, 1, 0, 0] [4, 4, 0, 0, 0] 1 9 0
28 0.366261398176 [6, 9, 1, 0, 0] [4, 4, 0, 0, 0] 1 8 0
28 0.363221884498 [6, 10, 1, 0, 0] [4, 4, 0, 0, 0] 1 8 0
28 0.363221884498 [6, 13, 1, 0, 0] [4, 4, 1, 0, 0] 1 8 0
28 0.364741641337 [6, 9, 3, 0, 0] [4, 4, 1, 0, 0] 1 8 0
28 0.366261398176 [6, 9, 1, 0, 0] [4, 4, 0, 0, 0] 1 8 0
28 0.360182370821 [6, 15, 2, 0, 0] [4, 4, 0, 0, 0] 1 9 0
28 0.358662613982 [6, 9, 2, 0, 0] [4, 4, 0, 0, 0] 1 8 0
28 0.363221884498 [6, 11, 1, 0, 0] [4, 4, 0, 0, 0] 1 8 0
29 0.363221884498 [6, 10, 1, 0, 0] [4, 4, 0, 0, 0] 1 8 0
29 0.366261398176 [6, 9, 2, 0, 0] [4, 4, 1, 0, 0] 1 8 0
29 0.363221884498 [6, 14, 2, 0, 0] [4, 4, 0, 0, 0] 1 9 0
29 0.36170212766 [7, 9, 0, 0, 0] [4, 4, 0, 0, 0] 1 9 0
29 0.364741641337 [6, 9, 3, 0, 0] [4, 4, 0, 0, 0] 1 9 0
29 0.364741641337 [6, 9, 2, 0, 0] [4, 4, 0, 0, 0] 1 8 0
29 0.366261398176 [6, 9, 5, 0, 0] [4, 4, 0, 0, 0] 1 8 0
29 0.36170212766 [7, 9, 2, 0, 0] [4, 4, 0, 0, 0] 1 9 0
29 0.363221884498 [6, 10, 0, 0, 0] [4, 4, 0, 0, 0] 1 8 0
29 0.364741641337 [6, 11, 1, 0, 0] [4, 4, 1, 0, 0] 1 9 0
30 0.366261398176 [6, 9, 1, 0, 0] [4, 4, 0, 0, 0] 1 8 0
30 0.364741641337 [6, 9, 2, 0, 0] [4, 4, 0, 0, 0] 1 8 0
30 0.366261398176 [6, 9, 0, 0, 0] [4, 4, 0, 0, 0] 1 8 0
30 0.366261398176 [6, 9, 0, 0, 0] [4, 4, 0, 0, 0] 1 8 0
30 0.364741641337 [6, 9, 2, 0, 0] [4, 4, 0, 0, 0] 1 8 0
30 0.36170212766 [6, 15, 4, 0, 0] [4, 4, 1, 0, 0] 1 9 0
30 0.366261398176 [6, 9, 0, 0, 0] [4, 4, 0, 0, 0] 1 8 0
30 0.364741641337 [6, 12, 3, 0, 0] [4, 4, 0, 0, 0] 1 9 0
30 0.366261398176 [6, 9, 5, 0, 0] [4, 4, 1, 0, 0] 1 8 0
30 0.366261398176 [6, 9, 2, 0, 0] [4, 4, 1, 0, 0] 1 8 0
31 0.366261398176 [6, 9, 3, 0, 0] [4, 4, 0, 0, 0] 1 8 0
31 0.366261398176 [6, 9, 3, 0, 0] [4, 4, 1, 0, 0] 1 8 0
31 0.366261398176 [6, 9, 2, 0, 0] [4, 4, 1, 0, 0] 1 8 0
31 0.366261398176 [6, 9, 3, 0, 0] [4, 4, 0, 0, 0] 1 8 0
31 0.366261398176 [6, 9, 1, 0, 0] [4, 4, 0, 0, 0] 1 8 0
31 0.366261398176 [6, 9, 3, 0, 0] [4, 4, 1, 0, 0] 1 8 0
31 0.366261398176 [6, 9, 1, 0, 0] [4, 4, 0, 0, 0] 1 8 0
31 0.366261398176 [6, 9, 0, 0, 0] [4, 4, 0, 0, 0] 1 8 0
31 0.366261398176 [6, 9, 2, 0, 0] [4, 4, 2, 0, 0] 1 8 0
31 0.366261398176 [6, 9, 3, 0, 0] [4, 4, 2, 0, 0] 1 9 0
32 0.366261398176 [6, 9, 1, 0, 0] [4, 4, 0, 0, 0] 1 8 0
32 0.366261398176 [6, 9, 3, 0, 0] [4, 4, 1, 0, 0] 1 8 0
32 0.366261398176 [6, 9, 3, 0, 0] [4, 4, 1, 0, 0] 1 8 0
32 0.366261398176 [6, 9, 0, 0, 0] [4, 4, 0, 0, 0] 1 8 0
32 0.366261398176 [6, 9, 2, 0, 0] [4, 4, 0, 0, 0] 1 8 0
32 0.366261398176 [6, 9, 3, 0, 0] [4, 4, 1, 0, 0] 1 8 0
32 0.366261398176 [6, 9, 2, 0, 0] [4, 4, 0, 0, 0] 1 8 0
32 0.366261398176 [6, 9, 2, 0, 0] [4, 4, 0, 0, 0] 1 8 0
32 0.366261398176 [6, 9, 7, 0, 0] [4, 4, 0, 0, 0] 1 9 0
32 0.366261398176 [6, 9, 4, 0, 0] [4, 4, 2, 0, 0] 1 8 0
