Cutoff 100
N1 10000
MaxLen1 12
Nsp D_var_sites Len_distribution WORKS_len_distribution Shortest_combination n_Independent_combinations n_Key_positions
2 0.203647416413 [8, 601, 0, 0, 0] [0, 2, 0, 0, 0] 1 30 0
2 0.211246200608 [4, 387, 0, 0, 0] [0, 2, 0, 0, 0] 1 23 0
2 0.120060790274 [9, 880, 0, 0, 0] [0, 0, 0, 0, 0] 1 39 0
2 0.246200607903 [4, 431, 0, 0, 0] [0, 2, 0, 0, 0] 1 22 0
2 0.231003039514 [2, 424, 5, 0, 0] [0, 2, 0, 0, 0] 1 17 0
2 0.259878419453 [2, 480, 0, 0, 0] [0, 2, 0, 0, 0] 1 21 0
2 0.261398176292 [6, 404, 0, 0, 0] [0, 2, 0, 0, 0] 1 24 0
2 0.217325227964 [6, 598, 0, 0, 0] [0, 2, 0, 0, 0] 1 29 0
2 0.240121580547 [6, 359, 0, 0, 0] [0, 2, 0, 0, 0] 1 27 0
2 0.217325227964 [3, 567, 0, 0, 0] [0, 2, 0, 0, 0] 1 27 0
7 0.331306990881 [1, 173, 250, 0, 0] [0, 2, 0, 0, 0] 1 18 0
7 0.354103343465 [0, 15, 592, 45, 1] [0, 2, 12, 0, 0] 2 7 0
7 0.343465045593 [0, 89, 282, 0, 0] [0, 2, 5, 0, 0] 2 10 0
7 0.33282674772 [0, 95, 304, 3, 0] [0, 2, 6, 0, 0] 2 12 0
7 0.344984802432 [0, 35, 439, 37, 0] [0, 2, 10, 0, 0] 2 8 0
7 0.335866261398 [0, 94, 229, 8, 0] [0, 2, 4, 0, 0] 2 11 0
7 0.366261398176 [0, 25, 371, 76, 1] [0, 2, 13, 0, 0] 2 8 0
7 0.33282674772 [1, 7, 506, 35, 0] [0, 2, 11, 0, 0] 1 9 0
7 0.360182370821 [0, 23, 198, 64, 2] [0, 2, 14, 0, 0] 2 8 0
7 0.340425531915 [0, 68, 310, 12, 0] [0, 2, 4, 0, 0] 2 9 0
12 0.384498480243 [0, 19, 97, 40, 3] [0, 2, 13, 0, 0] 2 6 0
12 0.381458966565 [0, 3, 128, 50, 0] [0, 2, 14, 0, 0] 2 2 0
12 0.364741641337 [0, 2, 119, 230, 27] [0, 2, 14, 0, 0] 2 3 0
12 0.358662613982 [0, 40, 481, 27, 0] [0, 2, 7, 0, 0] 2 10 0
12 0.376899696049 [0, 2, 114, 168, 4] [0, 2, 14, 0, 0] 2 2 0
12 0.372340425532 [0, 10, 229, 74, 1] [0, 2, 14, 0, 0] 2 5 0
12 0.384498480243 [0, 32, 136, 6, 1] [0, 2, 14, 0, 0] 2 6 0
12 0.372340425532 [0, 12, 364, 82, 0] [0, 2, 13, 0, 0] 2 7 0
12 0.357142857143 [0, 6, 341, 218, 9] [0, 2, 14, 0, 0] 2 8 0
12 0.372340425532 [0, 17, 208, 48, 2] [0, 2, 14, 0, 0] 2 6 0
17 0.414893617021 [0, 6, 154, 0, 0] [0, 2, 14, 0, 0] 2 4 0
17 0.386018237082 [0, 2, 149, 80, 16] [0, 2, 14, 0, 0] 2 5 0
17 0.382978723404 [0, 2, 158, 114, 13] [0, 2, 14, 0, 0] 2 5 0
17 0.395136778116 [0, 4, 108, 35, 4] [0, 2, 14, 0, 0] 2 4 0
17 0.408814589666 [0, 15, 63, 37, 3] [0, 2, 14, 0, 0] 2 4 0
17 0.38905775076 [0, 16, 68, 0, 0] [0, 2, 14, 0, 0] 2 2 0
17 0.395136778116 [0, 2, 112, 68, 25] [0, 2, 14, 0, 0] 2 4 0
17 0.386018237082 [1, 2, 97, 35, 0] [0, 2, 12, 0, 0] 1 5 0
17 0.404255319149 [0, 2, 60, 138, 32] [0, 2, 14, 0, 0] 2 4 0
17 0.392097264438 [0, 2, 40, 7, 0] [0, 2, 14, 0, 0] 2 0 1
22 0.404255319149 [0, 2, 57, 14, 18] [0, 2, 14, 0, 0] 2 2 0
22 0.43009118541 [0, 3, 44, 65, 0] [0, 2, 14, 0, 0] 2 2 0
22 0.386018237082 [0, 2, 42, 0, 0] [0, 2, 14, 0, 0] 2 0 1
22 0.396656534954 [0, 2, 36, 43, 61] [0, 2, 14, 0, 0] 2 3 0
22 0.417933130699 [0, 2, 45, 0, 0] [0, 2, 14, 0, 0] 2 0 1
22 0.399696048632 [0, 2, 55, 38, 2] [0, 2, 14, 0, 0] 2 3 0
22 0.393617021277 [0, 2, 60, 78, 17] [0, 2, 14, 0, 0] 2 2 0
22 0.399696048632 [0, 2, 44, 172, 58] [0, 2, 14, 0, 0] 2 4 0
22 0.405775075988 [0, 2, 106, 91, 15] [0, 2, 14, 0, 0] 2 3 0
22 0.404255319149 [0, 2, 58, 32, 0] [0, 2, 14, 0, 0] 2 3 0
27 0.413373860182 [0, 2, 88, 88, 6] [0, 2, 14, 0, 0] 2 4 0
27 0.404255319149 [0, 2, 36, 0, 0] [0, 2, 14, 0, 0] 2 0 1
27 0.433130699088 [0, 2, 24, 0, 0] [0, 2, 14, 0, 0] 2 0 1
27 0.411854103343 [0, 3, 45, 0, 0] [0, 2, 14, 0, 0] 2 0 1
27 0.407294832827 [0, 2, 27, 0, 0] [0, 2, 14, 0, 0] 2 0 1
27 0.390577507599 [1, 2, 85, 38, 1] [0, 2, 13, 0, 0] 1 5 0
27 0.407294832827 [0, 2, 37, 0, 0] [0, 2, 14, 0, 0] 2 0 1
27 0.405775075988 [0, 2, 50, 0, 0] [0, 2, 14, 0, 0] 2 0 1
27 0.398176291793 [0, 2, 72, 45, 26] [0, 2, 14, 0, 0] 2 2 0
27 0.431610942249 [0, 2, 57, 42, 0] [0, 2, 14, 0, 0] 2 2 0
32 0.439209726444 [0, 2, 32, 0, 0] [0, 2, 14, 0, 0] 2 0 1
32 0.439209726444 [0, 2, 36, 0, 0] [0, 2, 14, 0, 0] 2 0 1
32 0.437689969605 [0, 2, 32, 0, 0] [0, 2, 14, 0, 0] 2 0 1
32 0.428571428571 [0, 2, 71, 21, 8] [0, 2, 14, 0, 0] 2 2 0
32 0.463525835866 [0, 2, 24, 0, 0] [0, 2, 14, 0, 0] 2 0 1
32 0.448328267477 [0, 2, 47, 21, 23] [0, 2, 14, 0, 0] 2 2 0
32 0.417933130699 [0, 2, 18, 0, 0] [0, 2, 14, 0, 0] 2 0 1
32 0.45896656535 [0, 5, 30, 0, 0] [0, 2, 14, 0, 0] 2 2 0
32 0.436170212766 [0, 2, 50, 0, 0] [0, 2, 14, 0, 0] 2 0 1
32 0.401215805471 [0, 3, 45, 0, 0] [0, 2, 14, 0, 0] 2 0 1
37 0.445288753799 [0, 2, 50, 0, 0] [0, 2, 14, 0, 0] 2 0 1
37 0.411854103343 [0, 2, 36, 0, 0] [0, 2, 14, 0, 0] 2 0 1
37 0.408814589666 [0, 2, 40, 21, 32] [0, 2, 14, 0, 0] 2 2 0
37 0.427051671733 [0, 2, 36, 0, 0] [0, 2, 14, 0, 0] 2 0 1
37 0.420972644377 [0, 2, 24, 0, 0] [0, 2, 14, 0, 0] 2 0 1
37 0.433130699088 [0, 2, 40, 0, 0] [0, 2, 14, 0, 0] 2 0 1
37 0.448328267477 [0, 2, 32, 0, 0] [0, 2, 14, 0, 0] 2 0 1
37 0.428571428571 [0, 2, 40, 0, 0] [0, 2, 14, 0, 0] 2 0 1
37 0.405775075988 [0, 2, 66, 34, 0] [0, 2, 14, 0, 0] 2 2 0
37 0.452887537994 [0, 2, 32, 0, 0] [0, 2, 14, 0, 0] 2 0 1
42 0.41641337386 [0, 2, 36, 0, 0] [0, 2, 14, 0, 0] 2 0 1
42 0.420972644377 [0, 2, 36, 0, 0] [0, 2, 14, 0, 0] 2 0 1
42 0.442249240122 [0, 2, 31, 0, 0] [0, 2, 14, 0, 0] 2 0 1
42 0.446808510638 [0, 2, 21, 0, 0] [0, 2, 14, 0, 0] 2 0 1
42 0.436170212766 [0, 2, 44, 0, 0] [0, 2, 14, 0, 0] 2 2 0
42 0.417933130699 [0, 2, 45, 0, 0] [0, 2, 14, 0, 0] 2 0 1
42 0.466565349544 [0, 2, 32, 0, 0] [0, 2, 14, 0, 0] 2 0 1
42 0.446808510638 [0, 2, 32, 0, 0] [0, 2, 14, 0, 0] 2 0 1
42 0.44376899696 [0, 2, 32, 0, 0] [0, 2, 14, 0, 0] 2 0 1
42 0.433130699088 [0, 2, 32, 0, 0] [0, 2, 14, 0, 0] 2 0 1
47 0.445288753799 [0, 2, 32, 0, 0] [0, 2, 14, 0, 0] 2 0 1
47 0.43009118541 [0, 2, 24, 0, 0] [0, 2, 14, 0, 0] 2 0 1
47 0.424012158055 [0, 2, 18, 0, 0] [0, 2, 14, 0, 0] 2 0 1
47 0.44376899696 [0, 2, 21, 0, 0] [0, 2, 14, 0, 0] 2 0 1
47 0.417933130699 [0, 2, 32, 10, 0] [0, 2, 14, 0, 0] 2 2 0
47 0.43009118541 [0, 2, 47, 50, 42] [0, 2, 14, 0, 0] 2 2 0
47 0.455927051672 [0, 2, 32, 0, 0] [0, 2, 14, 0, 0] 2 0 1
47 0.427051671733 [0, 2, 72, 54, 32] [0, 2, 14, 0, 0] 2 3 0
47 0.440729483283 [0, 2, 32, 0, 0] [0, 2, 14, 0, 0] 2 0 1
47 0.431610942249 [0, 2, 32, 0, 0] [0, 2, 14, 0, 0] 2 0 1
52 0.420972644377 [0, 2, 45, 0, 0] [0, 2, 14, 0, 0] 2 0 1
52 0.425531914894 [0, 2, 32, 0, 0] [0, 2, 14, 0, 0] 2 0 1
52 0.410334346505 [0, 2, 36, 0, 0] [0, 2, 14, 0, 0] 2 0 1
52 0.424012158055 [0, 2, 36, 0, 0] [0, 2, 14, 0, 0] 2 0 1
52 0.436170212766 [0, 2, 24, 0, 0] [0, 2, 14, 0, 0] 2 0 1
52 0.413373860182 [0, 2, 40, 0, 0] [0, 2, 14, 0, 0] 2 0 1
52 0.425531914894 [0, 8, 32, 7, 0] [0, 2, 14, 0, 0] 2 3 0
52 0.43009118541 [0, 2, 14, 0, 0] [0, 2, 14, 0, 0] 2 0 1
52 0.442249240122 [0, 2, 18, 0, 0] [0, 2, 14, 0, 0] 2 0 1
52 0.466565349544 [0, 2, 20, 0, 0] [0, 2, 14, 0, 0] 2 0 1
57 0.413373860182 [0, 2, 24, 0, 0] [0, 2, 14, 0, 0] 2 0 1
57 0.413373860182 [0, 2, 40, 0, 0] [0, 2, 14, 0, 0] 2 0 1
57 0.448328267477 [0, 2, 32, 0, 0] [0, 2, 14, 0, 0] 2 0 1
57 0.410334346505 [0, 2, 28, 0, 0] [0, 2, 14, 0, 0] 2 0 1
57 0.446808510638 [0, 2, 36, 0, 0] [0, 2, 14, 0, 0] 2 0 1
57 0.419452887538 [0, 2, 24, 0, 0] [0, 2, 14, 0, 0] 2 0 1
57 0.414893617021 [0, 2, 36, 0, 0] [0, 2, 14, 0, 0] 2 0 1
57 0.44376899696 [0, 2, 36, 0, 0] [0, 2, 14, 0, 0] 2 0 1
57 0.439209726444 [0, 2, 27, 0, 0] [0, 2, 14, 0, 0] 2 0 1
57 0.41641337386 [0, 2, 24, 0, 0] [0, 2, 14, 0, 0] 2 0 1
62 0.4726443769 [0, 2, 35, 0, 0] [0, 2, 14, 0, 0] 2 0 1
62 0.427051671733 [0, 2, 21, 0, 0] [0, 2, 14, 0, 0] 2 0 1
62 0.424012158055 [0, 2, 36, 0, 0] [0, 2, 14, 0, 0] 2 0 1
62 0.425531914894 [0, 2, 24, 0, 0] [0, 2, 14, 0, 0] 2 0 1
62 0.433130699088 [0, 2, 24, 0, 0] [0, 2, 14, 0, 0] 2 0 1
62 0.436170212766 [0, 2, 32, 0, 0] [0, 2, 14, 0, 0] 2 0 1
62 0.437689969605 [0, 2, 32, 12, 31] [0, 2, 14, 0, 0] 2 2 0
62 0.448328267477 [0, 2, 14, 0, 0] [0, 2, 14, 0, 0] 2 0 1
62 0.431610942249 [0, 2, 32, 0, 0] [0, 2, 14, 0, 0] 2 0 1
62 0.437689969605 [0, 2, 32, 0, 0] [0, 2, 14, 0, 0] 2 0 1
67 0.457446808511 [0, 2, 24, 0, 0] [0, 2, 14, 0, 0] 2 0 1
67 0.449848024316 [0, 2, 18, 0, 0] [0, 2, 14, 0, 0] 2 0 1
67 0.469604863222 [0, 2, 32, 0, 0] [0, 2, 14, 0, 0] 2 0 1
67 0.425531914894 [0, 2, 24, 0, 0] [0, 2, 14, 0, 0] 2 0 1
67 0.424012158055 [0, 2, 50, 0, 0] [0, 2, 14, 0, 0] 2 0 1
67 0.454407294833 [0, 2, 32, 0, 0] [0, 2, 14, 0, 0] 2 0 1
67 0.457446808511 [0, 2, 45, 0, 0] [0, 2, 14, 0, 0] 2 0 1
67 0.431610942249 [0, 2, 32, 0, 0] [0, 2, 14, 0, 0] 2 0 1
67 0.449848024316 [0, 2, 32, 0, 0] [0, 2, 14, 0, 0] 2 0 1
67 0.455927051672 [0, 2, 18, 0, 0] [0, 2, 14, 0, 0] 2 0 1
72 0.439209726444 [0, 2, 35, 0, 0] [0, 2, 14, 0, 0] 2 0 1
72 0.448328267477 [0, 2, 16, 0, 0] [0, 2, 14, 0, 0] 2 0 1
72 0.452887537994 [0, 2, 32, 0, 0] [0, 2, 14, 0, 0] 2 0 1
72 0.433130699088 [0, 2, 18, 0, 0] [0, 2, 14, 0, 0] 2 0 1
72 0.425531914894 [0, 2, 40, 0, 0] [0, 2, 14, 0, 0] 2 0 1
72 0.437689969605 [0, 2, 18, 0, 0] [0, 2, 14, 0, 0] 2 0 1
72 0.433130699088 [0, 2, 16, 0, 0] [0, 2, 14, 0, 0] 2 0 1
72 0.469604863222 [0, 2, 28, 0, 0] [0, 2, 14, 0, 0] 2 0 1
72 0.4726443769 [0, 2, 18, 0, 0] [0, 2, 14, 0, 0] 2 0 1
72 0.454407294833 [0, 2, 30, 0, 0] [0, 2, 14, 0, 0] 2 0 1
77 0.433130699088 [0, 2, 16, 0, 0] [0, 2, 14, 0, 0] 2 0 1
77 0.43009118541 [0, 2, 14, 0, 0] [0, 2, 14, 0, 0] 2 0 1
77 0.465045592705 [0, 2, 18, 0, 0] [0, 2, 14, 0, 0] 2 0 1
77 0.468085106383 [0, 2, 28, 0, 0] [0, 2, 14, 0, 0] 2 0 1
77 0.439209726444 [0, 2, 18, 0, 0] [0, 2, 14, 0, 0] 2 0 1
77 0.478723404255 [0, 2, 21, 0, 0] [0, 2, 14, 0, 0] 2 0 1
77 0.471124620061 [0, 2, 24, 0, 0] [0, 2, 14, 0, 0] 2 0 1
77 0.44376899696 [0, 2, 20, 0, 0] [0, 2, 14, 0, 0] 2 0 1
77 0.439209726444 [0, 2, 32, 0, 0] [0, 2, 14, 0, 0] 2 0 1
77 0.44376899696 [0, 2, 28, 0, 0] [0, 2, 14, 0, 0] 2 0 1
82 0.469604863222 [0, 2, 24, 0, 0] [0, 2, 14, 0, 0] 2 0 1
82 0.483282674772 [0, 2, 16, 0, 0] [0, 2, 14, 0, 0] 2 0 1
82 0.436170212766 [0, 2, 32, 0, 0] [0, 2, 14, 0, 0] 2 0 1
82 0.425531914894 [0, 2, 32, 0, 0] [0, 2, 14, 0, 0] 2 0 1
82 0.48632218845 [0, 2, 14, 0, 0] [0, 2, 14, 0, 0] 2 0 1
82 0.469604863222 [0, 2, 16, 0, 0] [0, 2, 14, 0, 0] 2 0 1
82 0.463525835866 [0, 2, 28, 0, 0] [0, 2, 14, 0, 0] 2 0 1
82 0.45896656535 [0, 2, 21, 0, 0] [0, 2, 14, 0, 0] 2 0 1
82 0.465045592705 [0, 2, 32, 0, 0] [0, 2, 14, 0, 0] 2 0 1
82 0.43009118541 [0, 2, 21, 0, 0] [0, 2, 14, 0, 0] 2 0 1
87 0.424012158055 [0, 2, 40, 0, 0] [0, 2, 14, 0, 0] 2 0 1
87 0.463525835866 [0, 2, 16, 0, 0] [0, 2, 14, 0, 0] 2 0 1
87 0.483282674772 [0, 2, 28, 0, 0] [0, 2, 14, 0, 0] 2 0 1
87 0.439209726444 [0, 2, 24, 0, 0] [0, 2, 14, 0, 0] 2 0 1
87 0.468085106383 [0, 2, 32, 0, 0] [0, 2, 14, 0, 0] 2 0 1
87 0.445288753799 [0, 2, 14, 0, 0] [0, 2, 14, 0, 0] 2 0 1
87 0.468085106383 [0, 2, 24, 0, 0] [0, 2, 14, 0, 0] 2 0 1
87 0.460486322188 [0, 2, 14, 0, 0] [0, 2, 14, 0, 0] 2 0 1
87 0.446808510638 [0, 2, 35, 0, 0] [0, 2, 14, 0, 0] 2 0 1
87 0.468085106383 [0, 2, 24, 0, 0] [0, 2, 14, 0, 0] 2 0 1
92 0.5 [0, 2, 16, 0, 0] [0, 2, 14, 0, 0] 2 0 1
92 0.433130699088 [0, 2, 24, 0, 0] [0, 2, 14, 0, 0] 2 0 1
92 0.449848024316 [0, 2, 21, 0, 0] [0, 2, 14, 0, 0] 2 0 1
92 0.433130699088 [0, 2, 21, 0, 0] [0, 2, 14, 0, 0] 2 0 1
92 0.455927051672 [0, 2, 24, 0, 0] [0, 2, 14, 0, 0] 2 0 1
92 0.424012158055 [0, 2, 35, 0, 0] [0, 2, 14, 0, 0] 2 0 1
92 0.468085106383 [0, 2, 14, 0, 0] [0, 2, 14, 0, 0] 2 0 1
92 0.445288753799 [0, 2, 14, 0, 0] [0, 2, 14, 0, 0] 2 0 1
92 0.431610942249 [0, 2, 28, 0, 0] [0, 2, 14, 0, 0] 2 0 1
92 0.439209726444 [0, 2, 24, 0, 0] [0, 2, 14, 0, 0] 2 0 1
97 0.445288753799 [0, 2, 16, 0, 0] [0, 2, 14, 0, 0] 2 0 1
97 0.477203647416 [0, 2, 14, 0, 0] [0, 2, 14, 0, 0] 2 0 1
97 0.484802431611 [0, 2, 14, 0, 0] [0, 2, 14, 0, 0] 2 0 1
97 0.454407294833 [0, 2, 14, 0, 0] [0, 2, 14, 0, 0] 2 0 1
97 0.462006079027 [0, 2, 14, 0, 0] [0, 2, 14, 0, 0] 2 0 1
97 0.4726443769 [0, 2, 28, 0, 0] [0, 2, 14, 0, 0] 2 0 1
97 0.45896656535 [0, 2, 28, 0, 0] [0, 2, 14, 0, 0] 2 0 1
97 0.462006079027 [0, 2, 32, 0, 0] [0, 2, 14, 0, 0] 2 0 1
97 0.501519756839 [0, 2, 14, 0, 0] [0, 2, 14, 0, 0] 2 0 1
97 0.484802431611 [0, 2, 14, 0, 0] [0, 2, 14, 0, 0] 2 0 1
102 0.431610942249 [0, 2, 21, 0, 0] [0, 2, 14, 0, 0] 2 0 1
102 0.466565349544 [0, 2, 24, 0, 0] [0, 2, 14, 0, 0] 2 0 1
102 0.452887537994 [0, 2, 21, 0, 0] [0, 2, 14, 0, 0] 2 0 1
102 0.495440729483 [0, 2, 14, 0, 0] [0, 2, 14, 0, 0] 2 0 1
102 0.462006079027 [0, 2, 14, 0, 0] [0, 2, 14, 0, 0] 2 0 1
102 0.452887537994 [0, 2, 16, 0, 0] [0, 2, 14, 0, 0] 2 0 1
102 0.503039513678 [0, 2, 14, 0, 0] [0, 2, 14, 0, 0] 2 0 1
102 0.440729483283 [0, 2, 21, 0, 0] [0, 2, 14, 0, 0] 2 0 1
102 0.483282674772 [0, 2, 21, 0, 0] [0, 2, 14, 0, 0] 2 0 1
102 0.4726443769 [0, 2, 24, 0, 0] [0, 2, 14, 0, 0] 2 0 1
107 0.465045592705 [0, 2, 18, 0, 0] [0, 2, 14, 0, 0] 2 0 1
107 0.462006079027 [0, 2, 21, 0, 0] [0, 2, 14, 0, 0] 2 0 1
107 0.474164133739 [0, 2, 21, 0, 0] [0, 2, 14, 0, 0] 2 0 1
107 0.492401215805 [0, 2, 14, 0, 0] [0, 2, 14, 0, 0] 2 0 1
107 0.466565349544 [0, 2, 16, 0, 0] [0, 2, 14, 0, 0] 2 0 1
107 0.449848024316 [0, 2, 24, 0, 0] [0, 2, 14, 0, 0] 2 0 1
107 0.445288753799 [0, 2, 14, 0, 0] [0, 2, 14, 0, 0] 2 0 1
107 0.4726443769 [0, 2, 16, 0, 0] [0, 2, 14, 0, 0] 2 0 1
107 0.484802431611 [0, 2, 24, 0, 0] [0, 2, 14, 0, 0] 2 0 1
107 0.455927051672 [0, 2, 28, 0, 0] [0, 2, 14, 0, 0] 2 0 1
112 0.5 [0, 2, 14, 0, 0] [0, 2, 14, 0, 0] 2 0 1
112 0.487841945289 [0, 2, 21, 0, 0] [0, 2, 14, 0, 0] 2 0 1
112 0.492401215805 [0, 2, 21, 0, 0] [0, 2, 14, 0, 0] 2 0 1
112 0.495440729483 [0, 2, 14, 0, 0] [0, 2, 14, 0, 0] 2 0 1
112 0.481762917933 [0, 2, 14, 0, 0] [0, 2, 14, 0, 0] 2 0 1
112 0.455927051672 [0, 2, 28, 0, 0] [0, 2, 14, 0, 0] 2 0 1
112 0.492401215805 [0, 2, 14, 0, 0] [0, 2, 14, 0, 0] 2 0 1
112 0.462006079027 [0, 2, 14, 0, 0] [0, 2, 14, 0, 0] 2 0 1
112 0.474164133739 [0, 2, 16, 0, 0] [0, 2, 14, 0, 0] 2 0 1
112 0.462006079027 [0, 2, 24, 0, 0] [0, 2, 14, 0, 0] 2 0 1
117 0.468085106383 [0, 2, 16, 0, 0] [0, 2, 14, 0, 0] 2 0 1
117 0.478723404255 [0, 2, 14, 0, 0] [0, 2, 14, 0, 0] 2 0 1
117 0.445288753799 [0, 2, 21, 0, 0] [0, 2, 14, 0, 0] 2 0 1
117 0.471124620061 [0, 2, 14, 0, 0] [0, 2, 14, 0, 0] 2 0 1
117 0.471124620061 [0, 2, 14, 0, 0] [0, 2, 14, 0, 0] 2 0 1
117 0.501519756839 [0, 2, 16, 0, 0] [0, 2, 14, 0, 0] 2 0 1
117 0.495440729483 [0, 2, 24, 0, 0] [0, 2, 14, 0, 0] 2 0 1
117 0.492401215805 [0, 2, 16, 0, 0] [0, 2, 14, 0, 0] 2 0 1
117 0.457446808511 [0, 2, 24, 0, 0] [0, 2, 14, 0, 0] 2 0 1
117 0.496960486322 [0, 2, 14, 0, 0] [0, 2, 14, 0, 0] 2 0 1
122 0.492401215805 [0, 2, 28, 0, 0] [0, 2, 14, 0, 0] 2 0 1
122 0.44376899696 [0, 2, 24, 0, 0] [0, 2, 14, 0, 0] 2 0 1
122 0.474164133739 [0, 2, 16, 0, 0] [0, 2, 14, 0, 0] 2 0 1
122 0.469604863222 [0, 2, 14, 0, 0] [0, 2, 14, 0, 0] 2 0 1
122 0.45896656535 [0, 2, 16, 0, 0] [0, 2, 14, 0, 0] 2 0 1
122 0.487841945289 [0, 2, 21, 0, 0] [0, 2, 14, 0, 0] 2 0 1
122 0.478723404255 [0, 2, 21, 0, 0] [0, 2, 14, 0, 0] 2 0 1
122 0.460486322188 [0, 2, 14, 0, 0] [0, 2, 14, 0, 0] 2 0 1
122 0.487841945289 [0, 2, 28, 0, 0] [0, 2, 14, 0, 0] 2 0 1
122 0.463525835866 [0, 2, 16, 0, 0] [0, 2, 14, 0, 0] 2 0 1
127 0.462006079027 [0, 2, 32, 0, 0] [0, 2, 14, 0, 0] 2 0 1
127 0.462006079027 [0, 2, 14, 0, 0] [0, 2, 14, 0, 0] 2 0 1
127 0.495440729483 [0, 2, 24, 0, 0] [0, 2, 14, 0, 0] 2 0 1
127 0.48632218845 [0, 2, 14, 0, 0] [0, 2, 14, 0, 0] 2 0 1
127 0.498480243161 [0, 2, 16, 0, 0] [0, 2, 14, 0, 0] 2 0 1
127 0.48632218845 [0, 2, 14, 0, 0] [0, 2, 14, 0, 0] 2 0 1
127 0.45896656535 [0, 2, 16, 0, 0] [0, 2, 14, 0, 0] 2 0 1
127 0.471124620061 [0, 2, 14, 0, 0] [0, 2, 14, 0, 0] 2 0 1
127 0.481762917933 [0, 2, 14, 0, 0] [0, 2, 14, 0, 0] 2 0 1
127 0.501519756839 [0, 2, 14, 0, 0] [0, 2, 14, 0, 0] 2 0 1
132 0.493920972644 [0, 2, 21, 0, 0] [0, 2, 14, 0, 0] 2 0 1
132 0.466565349544 [0, 2, 16, 0, 0] [0, 2, 14, 0, 0] 2 0 1
132 0.493920972644 [0, 2, 28, 0, 0] [0, 2, 14, 0, 0] 2 0 1
132 0.48632218845 [0, 2, 32, 0, 0] [0, 2, 14, 0, 0] 2 0 1
132 0.489361702128 [0, 2, 16, 0, 0] [0, 2, 14, 0, 0] 2 0 1
132 0.483282674772 [0, 2, 24, 0, 0] [0, 2, 14, 0, 0] 2 0 1
132 0.510638297872 [0, 2, 14, 0, 0] [0, 2, 14, 0, 0] 2 0 1
132 0.462006079027 [0, 2, 14, 0, 0] [0, 2, 14, 0, 0] 2 0 1
132 0.481762917933 [0, 2, 14, 0, 0] [0, 2, 14, 0, 0] 2 0 1
132 0.474164133739 [0, 2, 14, 0, 0] [0, 2, 14, 0, 0] 2 0 1
137 0.48632218845 [0, 2, 21, 0, 0] [0, 2, 14, 0, 0] 2 0 1
137 0.493920972644 [0, 2, 16, 0, 0] [0, 2, 14, 0, 0] 2 0 1
137 0.510638297872 [0, 2, 14, 0, 0] [0, 2, 14, 0, 0] 2 0 1
137 0.504559270517 [0, 2, 14, 0, 0] [0, 2, 14, 0, 0] 2 0 1
137 0.483282674772 [0, 2, 14, 0, 0] [0, 2, 14, 0, 0] 2 0 1
137 0.484802431611 [0, 2, 14, 0, 0] [0, 2, 14, 0, 0] 2 0 1
137 0.5 [0, 2, 14, 0, 0] [0, 2, 14, 0, 0] 2 0 1
137 0.487841945289 [0, 2, 24, 0, 0] [0, 2, 14, 0, 0] 2 0 1
137 0.498480243161 [0, 2, 14, 0, 0] [0, 2, 14, 0, 0] 2 0 1
137 0.506079027356 [0, 2, 16, 0, 0] [0, 2, 14, 0, 0] 2 0 1
142 0.493920972644 [0, 2, 14, 0, 0] [0, 2, 14, 0, 0] 2 0 1
142 0.490881458967 [0, 2, 16, 0, 0] [0, 2, 14, 0, 0] 2 0 1
142 0.501519756839 [0, 2, 14, 0, 0] [0, 2, 14, 0, 0] 2 0 1
142 0.474164133739 [0, 2, 16, 0, 0] [0, 2, 14, 0, 0] 2 0 1
142 0.477203647416 [0, 2, 14, 0, 0] [0, 2, 14, 0, 0] 2 0 1
142 0.489361702128 [0, 2, 14, 0, 0] [0, 2, 14, 0, 0] 2 0 1
142 0.498480243161 [0, 2, 14, 0, 0] [0, 2, 14, 0, 0] 2 0 1
142 0.495440729483 [0, 2, 21, 0, 0] [0, 2, 14, 0, 0] 2 0 1
142 0.489361702128 [0, 2, 24, 0, 0] [0, 2, 14, 0, 0] 2 0 1
142 0.48632218845 [0, 2, 14, 0, 0] [0, 2, 14, 0, 0] 2 0 1
147 0.480243161094 [0, 2, 14, 0, 0] [0, 2, 14, 0, 0] 2 0 1
147 0.484802431611 [0, 2, 14, 0, 0] [0, 2, 14, 0, 0] 2 0 1
147 0.507598784195 [0, 2, 16, 0, 0] [0, 2, 14, 0, 0] 2 0 1
147 0.484802431611 [0, 2, 14, 0, 0] [0, 2, 14, 0, 0] 2 0 1
147 0.487841945289 [0, 2, 28, 0, 0] [0, 2, 14, 0, 0] 2 0 1
147 0.496960486322 [0, 2, 14, 0, 0] [0, 2, 14, 0, 0] 2 0 1
147 0.504559270517 [0, 2, 14, 0, 0] [0, 2, 14, 0, 0] 2 0 1
147 0.493920972644 [0, 2, 21, 0, 0] [0, 2, 14, 0, 0] 2 0 1
147 0.489361702128 [0, 2, 14, 0, 0] [0, 2, 14, 0, 0] 2 0 1
147 0.489361702128 [0, 2, 18, 0, 0] [0, 2, 14, 0, 0] 2 0 1
152 0.501519756839 [0, 2, 16, 0, 0] [0, 2, 14, 0, 0] 2 0 1
152 0.507598784195 [0, 2, 14, 0, 0] [0, 2, 14, 0, 0] 2 0 1
152 0.495440729483 [0, 2, 21, 0, 0] [0, 2, 14, 0, 0] 2 0 1
152 0.469604863222 [0, 2, 14, 0, 0] [0, 2, 14, 0, 0] 2 0 1
152 0.495440729483 [0, 2, 21, 0, 0] [0, 2, 14, 0, 0] 2 0 1
152 0.507598784195 [0, 2, 14, 0, 0] [0, 2, 14, 0, 0] 2 0 1
152 0.512158054711 [0, 2, 14, 0, 0] [0, 2, 14, 0, 0] 2 0 1
152 0.506079027356 [0, 2, 14, 0, 0] [0, 2, 14, 0, 0] 2 0 1
152 0.483282674772 [0, 2, 14, 0, 0] [0, 2, 14, 0, 0] 2 0 1
152 0.509118541033 [0, 2, 14, 0, 0] [0, 2, 14, 0, 0] 2 0 1
157 0.493920972644 [0, 2, 14, 0, 0] [0, 2, 14, 0, 0] 2 0 1
157 0.512158054711 [0, 2, 16, 0, 0] [0, 2, 14, 0, 0] 2 0 1
157 0.501519756839 [0, 2, 14, 0, 0] [0, 2, 14, 0, 0] 2 0 1
157 0.512158054711 [0, 2, 14, 0, 0] [0, 2, 14, 0, 0] 2 0 1
157 0.5 [0, 2, 21, 0, 0] [0, 2, 14, 0, 0] 2 0 1
157 0.471124620061 [0, 2, 28, 0, 0] [0, 2, 14, 0, 0] 2 0 1
157 0.492401215805 [0, 2, 21, 0, 0] [0, 2, 14, 0, 0] 2 0 1
157 0.512158054711 [0, 2, 14, 0, 0] [0, 2, 14, 0, 0] 2 0 1
157 0.510638297872 [0, 2, 16, 0, 0] [0, 2, 14, 0, 0] 2 0 1
157 0.484802431611 [0, 2, 14, 0, 0] [0, 2, 14, 0, 0] 2 0 1
162 0.510638297872 [0, 2, 14, 0, 0] [0, 2, 14, 0, 0] 2 0 1
162 0.512158054711 [0, 2, 14, 0, 0] [0, 2, 14, 0, 0] 2 0 1
162 0.507598784195 [0, 2, 14, 0, 0] [0, 2, 14, 0, 0] 2 0 1
162 0.496960486322 [0, 2, 21, 0, 0] [0, 2, 14, 0, 0] 2 0 1
162 0.503039513678 [0, 2, 14, 0, 0] [0, 2, 14, 0, 0] 2 0 1
162 0.484802431611 [0, 2, 14, 0, 0] [0, 2, 14, 0, 0] 2 0 1
162 0.507598784195 [0, 2, 14, 0, 0] [0, 2, 14, 0, 0] 2 0 1
162 0.512158054711 [0, 2, 14, 0, 0] [0, 2, 14, 0, 0] 2 0 1
162 0.510638297872 [0, 2, 14, 0, 0] [0, 2, 14, 0, 0] 2 0 1
162 0.51367781155 [0, 2, 14, 0, 0] [0, 2, 14, 0, 0] 2 0 1
167 0.504559270517 [0, 2, 14, 0, 0] [0, 2, 14, 0, 0] 2 0 1
167 0.512158054711 [0, 2, 14, 0, 0] [0, 2, 14, 0, 0] 2 0 1
167 0.510638297872 [0, 2, 14, 0, 0] [0, 2, 14, 0, 0] 2 0 1
167 0.5 [0, 2, 16, 0, 0] [0, 2, 14, 0, 0] 2 0 1
167 0.510638297872 [0, 2, 14, 0, 0] [0, 2, 14, 0, 0] 2 0 1
167 0.51367781155 [0, 2, 14, 0, 0] [0, 2, 14, 0, 0] 2 0 1
167 0.51367781155 [0, 2, 14, 0, 0] [0, 2, 14, 0, 0] 2 0 1
167 0.48632218845 [0, 2, 14, 0, 0] [0, 2, 14, 0, 0] 2 0 1
167 0.493920972644 [0, 2, 21, 0, 0] [0, 2, 14, 0, 0] 2 0 1
167 0.512158054711 [0, 2, 14, 0, 0] [0, 2, 14, 0, 0] 2 0 1
172 0.498480243161 [0, 2, 14, 0, 0] [0, 2, 14, 0, 0] 2 0 1
172 0.510638297872 [0, 2, 14, 0, 0] [0, 2, 14, 0, 0] 2 0 1
172 0.5 [0, 2, 21, 0, 0] [0, 2, 14, 0, 0] 2 0 1
172 0.512158054711 [0, 2, 14, 0, 0] [0, 2, 14, 0, 0] 2 0 1
172 0.487841945289 [0, 2, 14, 0, 0] [0, 2, 14, 0, 0] 2 0 1
172 0.495440729483 [0, 2, 14, 0, 0] [0, 2, 14, 0, 0] 2 0 1
172 0.510638297872 [0, 2, 14, 0, 0] [0, 2, 14, 0, 0] 2 0 1
172 0.503039513678 [0, 2, 14, 0, 0] [0, 2, 14, 0, 0] 2 0 1
172 0.48632218845 [0, 2, 14, 0, 0] [0, 2, 14, 0, 0] 2 0 1
172 0.51367781155 [0, 2, 14, 0, 0] [0, 2, 14, 0, 0] 2 0 1
177 0.51367781155 [0, 2, 14, 0, 0] [0, 2, 14, 0, 0] 2 0 1
177 0.512158054711 [0, 2, 14, 0, 0] [0, 2, 14, 0, 0] 2 0 1
177 0.512158054711 [0, 2, 16, 0, 0] [0, 2, 14, 0, 0] 2 0 1
177 0.51367781155 [0, 2, 14, 0, 0] [0, 2, 14, 0, 0] 2 0 1
177 0.510638297872 [0, 2, 14, 0, 0] [0, 2, 14, 0, 0] 2 0 1
177 0.51367781155 [0, 2, 14, 0, 0] [0, 2, 14, 0, 0] 2 0 1
177 0.484802431611 [0, 2, 14, 0, 0] [0, 2, 14, 0, 0] 2 0 1
177 0.51367781155 [0, 2, 14, 0, 0] [0, 2, 14, 0, 0] 2 0 1
177 0.510638297872 [0, 2, 14, 0, 0] [0, 2, 14, 0, 0] 2 0 1
177 0.512158054711 [0, 2, 16, 0, 0] [0, 2, 14, 0, 0] 2 0 1
182 0.51367781155 [0, 2, 14, 0, 0] [0, 2, 14, 0, 0] 2 0 1
182 0.512158054711 [0, 2, 14, 0, 0] [0, 2, 14, 0, 0] 2 0 1
182 0.510638297872 [0, 2, 14, 0, 0] [0, 2, 14, 0, 0] 2 0 1
182 0.51367781155 [0, 2, 14, 0, 0] [0, 2, 14, 0, 0] 2 0 1
182 0.501519756839 [0, 2, 21, 0, 0] [0, 2, 14, 0, 0] 2 0 1
182 0.51367781155 [0, 2, 14, 0, 0] [0, 2, 14, 0, 0] 2 0 1
182 0.487841945289 [0, 2, 14, 0, 0] [0, 2, 14, 0, 0] 2 0 1
182 0.51367781155 [0, 2, 14, 0, 0] [0, 2, 14, 0, 0] 2 0 1
182 0.51367781155 [0, 2, 14, 0, 0] [0, 2, 14, 0, 0] 2 0 1
182 0.51367781155 [0, 2, 14, 0, 0] [0, 2, 14, 0, 0] 2 0 1
187 0.51367781155 [0, 2, 14, 0, 0] [0, 2, 14, 0, 0] 2 0 1
187 0.51367781155 [0, 2, 14, 0, 0] [0, 2, 14, 0, 0] 2 0 1
187 0.51367781155 [0, 2, 14, 0, 0] [0, 2, 14, 0, 0] 2 0 1
187 0.51367781155 [0, 2, 14, 0, 0] [0, 2, 14, 0, 0] 2 0 1
187 0.51367781155 [0, 2, 14, 0, 0] [0, 2, 14, 0, 0] 2 0 1
187 0.51367781155 [0, 2, 14, 0, 0] [0, 2, 14, 0, 0] 2 0 1
187 0.51367781155 [0, 2, 14, 0, 0] [0, 2, 14, 0, 0] 2 0 1
187 0.51367781155 [0, 2, 14, 0, 0] [0, 2, 14, 0, 0] 2 0 1
187 0.51367781155 [0, 2, 14, 0, 0] [0, 2, 14, 0, 0] 2 0 1
187 0.51367781155 [0, 2, 14, 0, 0] [0, 2, 14, 0, 0] 2 0 1
