Cutoff 100
N1 10000
MaxLen1 12
Nsp D_var_sites Len_distribution WORKS_len_distribution Shortest_combination n_Independent_combinations n_Key_positions
2 0.206686930091 [11, 279, 0, 0, 0] [4, 2, 0, 0, 0] 1 27 0
2 0.229483282675 [9, 336, 0, 0, 0] [4, 4, 0, 0, 0] 1 25 0
2 0.155015197568 [10, 332, 0, 0, 0] [4, 3, 0, 0, 0] 1 31 0
2 0.19452887538 [10, 242, 0, 0, 0] [4, 0, 0, 0, 0] 1 25 0
2 0.151975683891 [11, 359, 0, 0, 0] [4, 3, 0, 0, 0] 1 33 0
2 0.196048632219 [12, 271, 0, 0, 0] [4, 0, 0, 0, 0] 1 28 0
2 0.203647416413 [12, 179, 0, 0, 0] [4, 0, 0, 0, 0] 1 22 0
2 0.193009118541 [10, 334, 0, 0, 0] [4, 0, 0, 0, 0] 1 27 0
2 0.19452887538 [10, 338, 0, 0, 0] [4, 0, 0, 0, 0] 1 31 0
2 0.156534954407 [11, 377, 0, 0, 0] [4, 0, 0, 0, 0] 1 28 0
3 0.243161094225 [9, 225, 0, 0, 0] [4, 5, 0, 0, 0] 1 21 0
3 0.253799392097 [9, 151, 0, 0, 0] [4, 0, 0, 0, 0] 1 22 0
3 0.186930091185 [13, 160, 0, 0, 0] [4, 0, 0, 0, 0] 1 27 0
3 0.20820668693 [9, 169, 0, 0, 0] [4, 3, 0, 0, 0] 1 20 0
3 0.250759878419 [11, 164, 0, 0, 0] [4, 2, 0, 0, 0] 1 23 0
3 0.220364741641 [7, 270, 0, 0, 0] [4, 4, 0, 0, 0] 1 22 0
3 0.218844984802 [9, 212, 0, 0, 0] [4, 0, 0, 0, 0] 1 22 0
3 0.212765957447 [8, 201, 0, 0, 0] [4, 3, 0, 0, 0] 1 19 0
3 0.209726443769 [5, 372, 0, 0, 0] [4, 9, 0, 0, 0] 1 21 0
3 0.191489361702 [8, 192, 0, 0, 0] [4, 0, 0, 0, 0] 1 23 0
4 0.241641337386 [9, 141, 0, 0, 0] [4, 0, 0, 0, 0] 1 19 0
4 0.247720364742 [9, 110, 0, 0, 0] [4, 0, 0, 0, 0] 1 16 0
4 0.256838905775 [8, 156, 0, 0, 0] [4, 0, 0, 0, 0] 1 21 0
4 0.203647416413 [7, 219, 0, 0, 0] [4, 4, 0, 0, 0] 1 19 0
4 0.244680851064 [6, 183, 0, 0, 0] [4, 4, 0, 0, 0] 1 18 0
4 0.250759878419 [8, 101, 0, 0, 0] [4, 3, 0, 0, 0] 1 14 0
4 0.250759878419 [5, 210, 12, 0, 0] [4, 10, 0, 0, 0] 1 16 0
4 0.237082066869 [8, 101, 0, 0, 0] [4, 0, 0, 0, 0] 1 18 0
4 0.223404255319 [6, 212, 0, 0, 0] [4, 4, 0, 0, 0] 1 17 0
4 0.259878419453 [9, 122, 0, 0, 0] [4, 0, 0, 0, 0] 1 17 0
5 0.252279635258 [7, 108, 0, 0, 0] [4, 4, 0, 0, 0] 1 16 0
5 0.252279635258 [10, 99, 0, 0, 0] [4, 0, 0, 0, 0] 1 19 0
5 0.261398176292 [10, 48, 0, 0, 0] [4, 0, 0, 0, 0] 1 17 0
5 0.285714285714 [7, 118, 0, 0, 0] [4, 4, 0, 0, 0] 1 16 0
5 0.262917933131 [8, 143, 0, 0, 0] [4, 4, 0, 0, 0] 1 18 0
5 0.288753799392 [6, 117, 14, 0, 0] [4, 4, 0, 0, 0] 1 15 0
5 0.253799392097 [7, 167, 0, 0, 0] [4, 4, 0, 0, 0] 1 15 0
5 0.241641337386 [9, 88, 0, 0, 0] [4, 3, 0, 0, 0] 1 18 0
5 0.26443768997 [11, 45, 0, 0, 0] [4, 2, 0, 0, 0] 1 16 0
5 0.29179331307 [6, 88, 20, 0, 0] [4, 4, 0, 0, 0] 1 13 0
6 0.320668693009 [7, 60, 5, 0, 0] [4, 0, 0, 0, 0] 1 13 0
6 0.265957446809 [8, 61, 0, 0, 0] [4, 3, 0, 0, 0] 1 14 0
6 0.285714285714 [7, 43, 10, 0, 0] [4, 0, 0, 0, 0] 1 12 0
6 0.272036474164 [8, 90, 0, 0, 0] [4, 3, 0, 0, 0] 1 16 0
6 0.302431610942 [8, 45, 0, 0, 0] [4, 0, 0, 0, 0] 1 14 0
6 0.296352583587 [9, 47, 0, 0, 0] [4, 0, 0, 0, 0] 1 14 0
6 0.282674772036 [8, 56, 0, 0, 0] [4, 0, 0, 0, 0] 1 13 0
6 0.287234042553 [7, 146, 0, 0, 0] [4, 5, 0, 0, 0] 1 16 0
6 0.276595744681 [8, 104, 0, 0, 0] [4, 4, 0, 0, 0] 1 16 0
6 0.279635258359 [6, 123, 14, 0, 0] [4, 4, 0, 0, 0] 1 14 0
7 0.294832826748 [8, 82, 0, 0, 0] [4, 3, 0, 0, 0] 1 14 0
7 0.29179331307 [5, 99, 40, 0, 0] [4, 5, 0, 0, 0] 1 15 0
7 0.282674772036 [7, 37, 27, 0, 0] [4, 0, 0, 0, 0] 1 13 0
7 0.288753799392 [7, 114, 0, 0, 0] [4, 4, 0, 0, 0] 1 16 0
7 0.279635258359 [6, 106, 9, 0, 0] [4, 5, 0, 0, 0] 1 13 0
7 0.30547112462 [8, 99, 0, 0, 0] [4, 4, 0, 0, 0] 1 15 0
7 0.316109422492 [5, 65, 28, 0, 0] [4, 5, 0, 0, 0] 1 11 0
7 0.275075987842 [6, 138, 4, 0, 0] [4, 4, 0, 0, 0] 1 16 0
7 0.27811550152 [7, 67, 4, 0, 0] [4, 4, 0, 0, 0] 1 14 0
7 0.308510638298 [8, 37, 0, 0, 0] [4, 0, 0, 0, 0] 1 12 0
8 0.299392097264 [6, 78, 17, 0, 0] [4, 5, 0, 0, 0] 1 13 0
8 0.306990881459 [6, 37, 26, 0, 0] [4, 4, 1, 0, 0] 1 11 0
8 0.31914893617 [6, 68, 5, 0, 0] [4, 4, 0, 0, 0] 1 13 0
8 0.299392097264 [6, 34, 28, 0, 0] [4, 4, 0, 0, 0] 1 11 0
8 0.300911854103 [7, 49, 2, 0, 0] [4, 5, 0, 0, 0] 1 12 0
8 0.27811550152 [7, 56, 10, 0, 0] [4, 4, 0, 0, 0] 1 14 0
8 0.308510638298 [5, 121, 14, 0, 0] [4, 10, 0, 0, 0] 1 14 0
8 0.331306990881 [8, 50, 0, 0, 0] [4, 0, 0, 0, 0] 1 13 0
8 0.311550151976 [4, 120, 38, 0, 0] [4, 10, 0, 0, 0] 1 13 0
8 0.306990881459 [8, 9, 3, 0, 0] [4, 0, 0, 0, 0] 1 11 0
9 0.326747720365 [7, 17, 2, 0, 0] [4, 0, 0, 0, 0] 1 11 0
9 0.334346504559 [7, 19, 10, 0, 0] [4, 4, 0, 0, 0] 1 10 0
9 0.331306990881 [5, 85, 15, 0, 0] [4, 5, 0, 0, 0] 1 12 0
9 0.329787234043 [6, 29, 15, 0, 0] [4, 4, 0, 0, 0] 1 12 0
9 0.316109422492 [6, 68, 13, 0, 0] [4, 4, 0, 0, 0] 1 14 0
9 0.334346504559 [7, 16, 2, 0, 0] [4, 0, 0, 0, 0] 1 10 0
9 0.316109422492 [8, 49, 0, 0, 0] [4, 4, 0, 0, 0] 1 13 0
9 0.290273556231 [7, 29, 12, 0, 0] [4, 0, 0, 0, 0] 1 13 0
9 0.316109422492 [8, 28, 2, 0, 0] [4, 0, 0, 0, 0] 1 12 0
9 0.325227963526 [7, 10, 9, 0, 0] [4, 0, 1, 0, 0] 1 10 0
10 0.328267477204 [5, 47, 21, 0, 0] [4, 5, 1, 0, 0] 1 10 0
10 0.351063829787 [7, 45, 5, 0, 0] [4, 0, 0, 0, 0] 1 12 0
10 0.313069908815 [5, 61, 28, 0, 0] [4, 10, 1, 0, 0] 1 12 0
10 0.346504559271 [5, 32, 19, 0, 0] [4, 4, 0, 0, 0] 1 10 0
10 0.303951367781 [6, 46, 36, 0, 0] [4, 4, 0, 0, 0] 1 13 0
10 0.329787234043 [6, 29, 5, 0, 0] [4, 4, 0, 0, 0] 1 10 0
10 0.328267477204 [8, 27, 2, 0, 0] [4, 0, 0, 0, 0] 1 11 0
10 0.344984802432 [4, 62, 20, 0, 0] [4, 10, 0, 0, 0] 1 11 0
10 0.334346504559 [5, 22, 12, 0, 0] [4, 4, 0, 0, 0] 1 9 0
10 0.334346504559 [4, 55, 23, 0, 0] [4, 10, 0, 0, 0] 1 10 0
11 0.355623100304 [5, 52, 8, 0, 0] [4, 10, 0, 0, 0] 1 11 0
11 0.329787234043 [5, 42, 15, 0, 0] [4, 10, 0, 0, 0] 1 10 0
11 0.338905775076 [4, 50, 15, 0, 0] [4, 10, 0, 0, 0] 1 9 0
11 0.337386018237 [4, 46, 14, 0, 0] [4, 10, 0, 0, 0] 1 10 0
11 0.340425531915 [6, 35, 9, 0, 0] [4, 4, 0, 0, 0] 1 10 0
11 0.313069908815 [6, 28, 30, 0, 0] [4, 4, 0, 0, 0] 1 12 0
11 0.337386018237 [5, 48, 7, 0, 0] [4, 10, 0, 0, 0] 1 9 0
11 0.320668693009 [6, 47, 13, 0, 0] [4, 4, 0, 0, 0] 1 12 0
11 0.326747720365 [6, 29, 8, 0, 0] [4, 4, 0, 0, 0] 1 11 0
11 0.351063829787 [6, 27, 4, 0, 0] [4, 4, 0, 0, 0] 1 10 0
12 0.337386018237 [6, 20, 3, 0, 0] [4, 4, 0, 0, 0] 1 10 0
12 0.341945288754 [4, 55, 19, 0, 0] [4, 10, 1, 0, 0] 1 10 0
12 0.335866261398 [7, 35, 5, 0, 0] [4, 4, 0, 0, 0] 1 11 0
12 0.311550151976 [5, 72, 24, 0, 0] [4, 10, 0, 0, 0] 1 11 0
12 0.33282674772 [5, 65, 18, 0, 0] [4, 10, 0, 0, 0] 1 10 0
12 0.334346504559 [6, 24, 8, 0, 0] [4, 4, 0, 0, 0] 1 10 0
12 0.335866261398 [4, 39, 9, 0, 0] [4, 10, 0, 0, 0] 1 7 0
12 0.313069908815 [7, 42, 9, 0, 0] [4, 4, 0, 0, 0] 1 13 0
12 0.351063829787 [4, 32, 25, 0, 0] [4, 10, 0, 0, 0] 1 9 0
12 0.334346504559 [7, 41, 3, 0, 0] [4, 4, 0, 0, 0] 1 11 0
13 0.348024316109 [4, 50, 8, 0, 0] [4, 10, 3, 0, 0] 1 10 0
13 0.370820668693 [4, 21, 7, 0, 0] [4, 10, 0, 0, 0] 1 8 0
13 0.335866261398 [8, 11, 0, 0, 0] [4, 0, 0, 0, 0] 1 11 0
13 0.349544072948 [4, 54, 14, 0, 0] [4, 10, 2, 0, 0] 1 11 0
13 0.337386018237 [5, 71, 3, 0, 0] [4, 5, 0, 0, 0] 1 11 0
13 0.367781155015 [6, 13, 9, 0, 0] [4, 4, 0, 0, 0] 1 9 0
13 0.346504559271 [4, 33, 2, 0, 0] [4, 10, 0, 0, 0] 1 9 0
13 0.328267477204 [6, 41, 3, 0, 0] [4, 5, 0, 0, 0] 1 10 0
13 0.348024316109 [7, 20, 6, 0, 0] [4, 4, 0, 0, 0] 1 12 0
13 0.337386018237 [6, 34, 6, 0, 0] [4, 4, 0, 0, 0] 1 11 0
14 0.363221884498 [6, 18, 9, 0, 0] [4, 4, 1, 0, 0] 1 10 0
14 0.348024316109 [4, 50, 19, 0, 0] [4, 10, 0, 0, 0] 1 10 0
14 0.357142857143 [7, 10, 3, 0, 0] [4, 3, 0, 0, 0] 1 10 0
14 0.344984802432 [6, 15, 9, 0, 0] [4, 4, 2, 0, 0] 1 10 0
14 0.346504559271 [4, 47, 13, 0, 0] [4, 10, 1, 0, 0] 1 10 0
14 0.358662613982 [4, 22, 15, 0, 0] [4, 10, 1, 0, 0] 1 8 0
14 0.344984802432 [5, 19, 3, 0, 0] [4, 5, 0, 0, 0] 1 8 0
14 0.363221884498 [6, 16, 10, 0, 0] [4, 4, 0, 0, 0] 1 10 0
14 0.358662613982 [5, 12, 7, 0, 0] [4, 4, 3, 0, 0] 1 8 0
14 0.343465045593 [6, 27, 12, 0, 0] [4, 4, 0, 0, 0] 1 11 0
15 0.369300911854 [4, 21, 4, 0, 0] [4, 10, 0, 0, 0] 1 7 0
15 0.355623100304 [6, 17, 4, 0, 0] [4, 4, 0, 0, 0] 1 10 0
15 0.364741641337 [4, 55, 5, 0, 0] [4, 10, 0, 0, 0] 1 9 0
15 0.355623100304 [4, 52, 10, 0, 0] [4, 10, 0, 0, 0] 1 9 0
15 0.364741641337 [4, 27, 10, 0, 0] [4, 10, 0, 0, 0] 1 9 0
15 0.360182370821 [4, 38, 8, 0, 0] [4, 10, 0, 0, 0] 1 9 0
15 0.355623100304 [5, 8, 2, 0, 0] [4, 4, 2, 0, 0] 1 6 0
15 0.354103343465 [5, 14, 8, 0, 0] [4, 4, 0, 0, 0] 1 9 0
15 0.357142857143 [7, 18, 1, 0, 0] [4, 4, 0, 0, 0] 1 10 0
15 0.363221884498 [5, 11, 19, 0, 0] [4, 4, 0, 0, 0] 1 8 0
16 0.364741641337 [4, 48, 15, 0, 0] [4, 10, 2, 0, 0] 1 9 0
16 0.360182370821 [4, 33, 8, 0, 0] [4, 10, 0, 0, 0] 1 9 0
16 0.355623100304 [5, 6, 10, 0, 0] [4, 4, 3, 0, 0] 1 7 0
16 0.357142857143 [5, 33, 11, 0, 0] [4, 10, 1, 0, 0] 1 10 0
16 0.337386018237 [4, 44, 8, 0, 0] [4, 10, 0, 0, 0] 1 8 0
16 0.366261398176 [4, 25, 2, 0, 0] [4, 10, 0, 0, 0] 1 8 0
16 0.382978723404 [6, 10, 0, 0, 0] [4, 4, 0, 0, 0] 1 7 0
16 0.36170212766 [4, 39, 15, 0, 0] [4, 10, 1, 0, 0] 1 10 0
16 0.352583586626 [5, 31, 5, 0, 0] [4, 10, 0, 0, 0] 1 10 0
16 0.352583586626 [4, 35, 11, 0, 0] [4, 10, 1, 0, 0] 1 10 0
17 0.372340425532 [6, 10, 1, 0, 0] [4, 4, 0, 0, 0] 1 8 0
17 0.363221884498 [5, 21, 2, 0, 0] [4, 4, 0, 0, 0] 1 8 0
17 0.37537993921 [5, 9, 2, 0, 0] [4, 4, 1, 0, 0] 1 8 0
17 0.381458966565 [4, 17, 7, 0, 0] [4, 10, 2, 0, 0] 1 8 0
17 0.367781155015 [4, 35, 11, 0, 0] [4, 10, 0, 0, 0] 1 9 0
17 0.369300911854 [6, 9, 7, 0, 0] [4, 4, 1, 0, 0] 1 9 0
17 0.37537993921 [5, 5, 4, 0, 0] [4, 4, 1, 0, 0] 1 7 0
17 0.372340425532 [6, 14, 4, 0, 0] [4, 4, 0, 0, 0] 1 10 0
17 0.367781155015 [4, 22, 14, 0, 0] [4, 10, 2, 0, 0] 1 8 0
17 0.367781155015 [4, 20, 5, 0, 0] [4, 10, 2, 0, 0] 1 8 0
18 0.358662613982 [4, 34, 13, 0, 0] [4, 10, 0, 0, 0] 1 9 0
18 0.372340425532 [5, 10, 2, 0, 0] [4, 4, 0, 0, 0] 1 8 0
18 0.36170212766 [4, 40, 14, 0, 0] [4, 10, 0, 0, 0] 1 10 0
18 0.373860182371 [5, 18, 1, 0, 0] [4, 4, 0, 0, 0] 1 8 0
18 0.378419452888 [5, 8, 2, 0, 0] [4, 4, 1, 0, 0] 1 7 0
18 0.37537993921 [4, 12, 9, 0, 0] [4, 10, 4, 0, 0] 1 6 0
18 0.346504559271 [4, 37, 6, 0, 0] [4, 10, 1, 0, 0] 1 9 0
18 0.364741641337 [6, 42, 4, 0, 0] [4, 4, 0, 0, 0] 1 10 0
18 0.360182370821 [6, 10, 8, 0, 0] [4, 4, 1, 0, 0] 1 9 0
18 0.378419452888 [4, 18, 0, 0, 0] [4, 10, 0, 0, 0] 1 7 0
19 0.370820668693 [4, 39, 8, 0, 0] [4, 10, 1, 0, 0] 1 9 0
19 0.340425531915 [6, 35, 3, 0, 0] [4, 4, 0, 0, 0] 1 12 0
19 0.381458966565 [4, 17, 4, 0, 0] [4, 10, 2, 0, 0] 1 7 0
19 0.387537993921 [4, 14, 6, 0, 0] [4, 10, 1, 0, 0] 1 8 0
19 0.373860182371 [5, 9, 2, 0, 0] [4, 4, 0, 0, 0] 1 7 0
19 0.372340425532 [4, 31, 4, 0, 0] [4, 10, 0, 0, 0] 1 7 0
19 0.381458966565 [6, 12, 1, 0, 0] [4, 4, 0, 0, 0] 1 9 0
19 0.378419452888 [5, 8, 1, 0, 0] [4, 4, 0, 0, 0] 1 7 0
19 0.363221884498 [4, 29, 1, 0, 0] [4, 10, 0, 0, 0] 1 8 0
19 0.363221884498 [4, 39, 11, 0, 0] [4, 10, 2, 0, 0] 1 10 0
20 0.376899696049 [4, 33, 6, 0, 0] [4, 10, 2, 0, 0] 1 9 0
20 0.378419452888 [6, 10, 4, 0, 0] [4, 4, 1, 0, 0] 1 8 0
20 0.367781155015 [4, 24, 12, 0, 0] [4, 10, 0, 0, 0] 1 9 0
20 0.370820668693 [5, 9, 6, 0, 0] [4, 4, 1, 0, 0] 1 8 0
20 0.369300911854 [5, 14, 2, 0, 0] [4, 4, 0, 0, 0] 1 8 0
20 0.378419452888 [4, 17, 0, 0, 0] [4, 10, 0, 0, 0] 1 7 0
20 0.379939209726 [4, 21, 2, 0, 0] [4, 10, 1, 0, 0] 1 7 0
20 0.378419452888 [4, 11, 3, 0, 0] [4, 10, 2, 0, 0] 1 6 0
20 0.384498480243 [4, 11, 1, 0, 0] [4, 10, 0, 0, 0] 1 6 0
20 0.384498480243 [6, 5, 1, 0, 0] [4, 0, 0, 0, 0] 1 8 0
21 0.370820668693 [4, 10, 4, 0, 0] [4, 10, 0, 0, 0] 1 6 0
21 0.387537993921 [4, 16, 5, 0, 0] [4, 10, 1, 0, 0] 1 8 0
21 0.376899696049 [4, 13, 0, 0, 0] [4, 10, 0, 0, 0] 1 6 0
21 0.382978723404 [4, 19, 0, 0, 0] [4, 10, 0, 0, 0] 1 8 0
21 0.367781155015 [4, 30, 8, 0, 0] [4, 10, 0, 0, 0] 1 9 0
21 0.378419452888 [4, 14, 5, 0, 0] [4, 10, 0, 0, 0] 1 7 0
21 0.379939209726 [5, 4, 2, 0, 0] [4, 4, 0, 0, 0] 1 7 0
21 0.367781155015 [4, 17, 7, 0, 0] [4, 10, 0, 0, 0] 1 8 0
21 0.384498480243 [5, 13, 0, 0, 0] [4, 4, 0, 0, 0] 1 7 0
21 0.366261398176 [4, 14, 7, 0, 0] [4, 10, 3, 0, 0] 1 7 0
22 0.379939209726 [5, 10, 6, 0, 0] [4, 4, 0, 0, 0] 1 8 0
22 0.386018237082 [4, 13, 2, 0, 0] [4, 10, 2, 0, 0] 1 7 0
22 0.379939209726 [5, 8, 3, 0, 0] [4, 4, 2, 0, 0] 1 8 0
22 0.386018237082 [5, 6, 2, 0, 0] [4, 4, 0, 0, 0] 1 6 0
22 0.379939209726 [6, 9, 3, 0, 0] [4, 4, 0, 0, 0] 1 8 0
22 0.393617021277 [4, 13, 1, 0, 0] [4, 10, 1, 0, 0] 1 7 0
22 0.379939209726 [5, 14, 3, 0, 0] [4, 4, 2, 0, 0] 1 8 0
22 0.372340425532 [4, 30, 3, 0, 0] [4, 10, 2, 0, 0] 1 8 0
22 0.379939209726 [4, 15, 3, 0, 0] [4, 10, 1, 0, 0] 1 7 0
22 0.379939209726 [4, 23, 7, 0, 0] [4, 10, 2, 0, 0] 1 7 0
23 0.381458966565 [5, 5, 2, 0, 0] [4, 4, 1, 0, 0] 1 7 0
23 0.381458966565 [4, 14, 2, 0, 0] [4, 10, 1, 0, 0] 1 7 0
23 0.376899696049 [6, 9, 1, 0, 0] [4, 4, 0, 0, 0] 1 8 0
23 0.379939209726 [4, 28, 3, 0, 0] [4, 10, 0, 0, 0] 1 9 0
23 0.38905775076 [4, 14, 2, 0, 0] [4, 10, 2, 0, 0] 1 7 0
23 0.387537993921 [6, 9, 3, 0, 0] [4, 4, 1, 0, 0] 1 8 0
23 0.382978723404 [6, 9, 1, 0, 0] [4, 4, 0, 0, 0] 1 9 0
23 0.376899696049 [4, 26, 4, 0, 0] [4, 10, 1, 0, 0] 1 7 0
23 0.387537993921 [4, 11, 2, 0, 0] [4, 10, 2, 0, 0] 1 6 0
23 0.378419452888 [6, 8, 7, 0, 0] [4, 4, 0, 0, 0] 1 9 0
24 0.384498480243 [4, 11, 0, 0, 0] [4, 10, 0, 0, 0] 1 6 0
24 0.384498480243 [4, 14, 5, 0, 0] [4, 10, 1, 0, 0] 1 7 0
24 0.384498480243 [6, 7, 2, 0, 0] [4, 4, 1, 0, 0] 1 8 0
24 0.384498480243 [4, 25, 6, 0, 0] [4, 10, 1, 0, 0] 1 7 0
24 0.382978723404 [6, 7, 2, 0, 0] [4, 4, 0, 0, 0] 1 8 0
24 0.382978723404 [4, 26, 4, 0, 0] [4, 10, 1, 0, 0] 1 8 0
24 0.390577507599 [4, 10, 4, 0, 0] [4, 10, 4, 0, 0] 1 7 0
24 0.379939209726 [6, 20, 1, 0, 0] [4, 4, 0, 0, 0] 1 9 0
24 0.38905775076 [5, 9, 3, 0, 0] [4, 4, 0, 0, 0] 1 7 0
24 0.378419452888 [5, 5, 1, 0, 0] [4, 4, 0, 0, 0] 1 7 0
25 0.387537993921 [4, 13, 0, 0, 0] [4, 10, 0, 0, 0] 1 7 0
25 0.387537993921 [4, 13, 3, 0, 0] [4, 10, 2, 0, 0] 1 8 0
25 0.384498480243 [4, 13, 6, 0, 0] [4, 10, 3, 0, 0] 1 7 0
25 0.390577507599 [4, 14, 0, 0, 0] [4, 10, 0, 0, 0] 1 6 0
25 0.384498480243 [4, 13, 1, 0, 0] [4, 10, 1, 0, 0] 1 7 0
25 0.384498480243 [4, 24, 1, 0, 0] [4, 10, 1, 0, 0] 1 7 0
25 0.382978723404 [6, 7, 0, 0, 0] [4, 4, 0, 0, 0] 1 7 0
25 0.381458966565 [5, 5, 3, 0, 0] [4, 4, 3, 0, 0] 1 8 0
25 0.387537993921 [6, 9, 2, 0, 0] [4, 4, 0, 0, 0] 1 8 0
25 0.390577507599 [5, 4, 1, 0, 0] [4, 4, 1, 0, 0] 1 6 0
26 0.378419452888 [4, 26, 3, 0, 0] [4, 10, 1, 0, 0] 1 9 0
26 0.387537993921 [5, 7, 3, 0, 0] [4, 4, 1, 0, 0] 1 7 0
26 0.387537993921 [4, 12, 1, 0, 0] [4, 10, 1, 0, 0] 1 6 0
26 0.390577507599 [5, 8, 0, 0, 0] [4, 4, 0, 0, 0] 1 6 0
26 0.392097264438 [4, 12, 0, 0, 0] [4, 10, 0, 0, 0] 1 7 0
26 0.384498480243 [4, 30, 5, 0, 0] [4, 10, 0, 0, 0] 1 8 0
26 0.390577507599 [4, 11, 2, 0, 0] [4, 10, 2, 0, 0] 1 6 0
26 0.392097264438 [4, 10, 2, 0, 0] [4, 10, 2, 0, 0] 1 7 0
26 0.381458966565 [4, 15, 3, 0, 0] [4, 10, 0, 0, 0] 1 7 0
26 0.387537993921 [4, 13, 2, 0, 0] [4, 10, 1, 0, 0] 1 7 0
27 0.387537993921 [5, 6, 6, 0, 0] [4, 4, 1, 0, 0] 1 7 0
27 0.38905775076 [4, 13, 3, 0, 0] [4, 10, 2, 0, 0] 1 6 0
27 0.392097264438 [4, 10, 1, 0, 0] [4, 10, 1, 0, 0] 1 6 0
27 0.384498480243 [4, 12, 5, 0, 0] [4, 10, 4, 0, 0] 1 6 0
27 0.392097264438 [4, 16, 1, 0, 0] [4, 10, 1, 0, 0] 1 7 0
27 0.386018237082 [4, 10, 2, 0, 0] [4, 10, 2, 0, 0] 1 7 0
27 0.393617021277 [4, 10, 3, 0, 0] [4, 10, 3, 0, 0] 1 7 0
27 0.393617021277 [4, 11, 0, 0, 0] [4, 10, 0, 0, 0] 1 6 0
27 0.382978723404 [4, 13, 0, 0, 0] [4, 10, 0, 0, 0] 1 6 0
27 0.38905775076 [4, 12, 0, 0, 0] [4, 10, 0, 0, 0] 1 7 0
28 0.393617021277 [4, 11, 0, 0, 0] [4, 10, 0, 0, 0] 1 6 0
28 0.390577507599 [4, 11, 3, 0, 0] [4, 10, 1, 0, 0] 1 7 0
28 0.38905775076 [4, 12, 0, 0, 0] [4, 10, 0, 0, 0] 1 6 0
28 0.393617021277 [4, 10, 1, 0, 0] [4, 10, 0, 0, 0] 1 6 0
28 0.387537993921 [4, 11, 0, 0, 0] [4, 10, 0, 0, 0] 1 6 0
28 0.395136778116 [4, 10, 0, 0, 0] [4, 10, 0, 0, 0] 1 5 0
28 0.38905775076 [4, 24, 2, 0, 0] [4, 10, 0, 0, 0] 1 8 0
28 0.387537993921 [4, 12, 3, 0, 0] [4, 10, 1, 0, 0] 1 7 0
28 0.395136778116 [5, 6, 0, 0, 0] [4, 4, 0, 0, 0] 1 7 0
28 0.393617021277 [4, 10, 2, 0, 0] [4, 10, 2, 0, 0] 1 7 0
29 0.390577507599 [4, 10, 0, 0, 0] [4, 10, 0, 0, 0] 1 5 0
29 0.395136778116 [4, 10, 0, 0, 0] [4, 10, 0, 0, 0] 1 6 0
29 0.393617021277 [4, 10, 2, 0, 0] [4, 10, 1, 0, 0] 1 7 0
29 0.393617021277 [4, 11, 2, 0, 0] [4, 10, 1, 0, 0] 1 6 0
29 0.395136778116 [4, 12, 1, 0, 0] [4, 10, 1, 0, 0] 1 6 0
29 0.390577507599 [4, 10, 0, 0, 0] [4, 10, 0, 0, 0] 1 6 0
29 0.38905775076 [4, 24, 2, 0, 0] [4, 10, 1, 0, 0] 1 8 0
29 0.381458966565 [4, 10, 1, 0, 0] [4, 10, 1, 0, 0] 1 6 0
29 0.393617021277 [4, 10, 2, 0, 0] [4, 10, 1, 0, 0] 1 6 0
29 0.393617021277 [5, 6, 0, 0, 0] [4, 4, 0, 0, 0] 1 7 0
30 0.38905775076 [4, 10, 0, 0, 0] [4, 10, 0, 0, 0] 1 6 0
30 0.395136778116 [4, 10, 0, 0, 0] [4, 10, 0, 0, 0] 1 6 0
30 0.395136778116 [4, 10, 1, 0, 0] [4, 10, 1, 0, 0] 1 6 0
30 0.393617021277 [4, 11, 2, 0, 0] [4, 10, 2, 0, 0] 1 6 0
30 0.392097264438 [4, 11, 1, 0, 0] [4, 10, 1, 0, 0] 1 7 0
30 0.390577507599 [4, 10, 0, 0, 0] [4, 10, 0, 0, 0] 1 6 0
30 0.395136778116 [4, 10, 1, 0, 0] [4, 10, 1, 0, 0] 1 6 0
30 0.395136778116 [4, 10, 1, 0, 0] [4, 10, 1, 0, 0] 1 6 0
30 0.392097264438 [4, 13, 3, 0, 0] [4, 10, 1, 0, 0] 1 7 0
30 0.395136778116 [4, 10, 3, 0, 0] [4, 10, 2, 0, 0] 1 6 0
31 0.395136778116 [4, 10, 1, 0, 0] [4, 10, 1, 0, 0] 1 6 0
31 0.395136778116 [4, 10, 1, 0, 0] [4, 10, 1, 0, 0] 1 6 0
31 0.395136778116 [4, 10, 0, 0, 0] [4, 10, 0, 0, 0] 1 6 0
31 0.395136778116 [4, 10, 2, 0, 0] [4, 10, 2, 0, 0] 1 7 0
31 0.395136778116 [4, 10, 0, 0, 0] [4, 10, 0, 0, 0] 1 6 0
31 0.395136778116 [4, 10, 1, 0, 0] [4, 10, 1, 0, 0] 1 6 0
31 0.395136778116 [4, 10, 1, 0, 0] [4, 10, 1, 0, 0] 1 6 0
31 0.395136778116 [4, 10, 0, 0, 0] [4, 10, 0, 0, 0] 1 6 0
31 0.395136778116 [4, 10, 2, 0, 0] [4, 10, 1, 0, 0] 1 7 0
31 0.395136778116 [4, 10, 1, 0, 0] [4, 10, 1, 0, 0] 1 7 0
32 0.395136778116 [4, 10, 0, 0, 0] [4, 10, 0, 0, 0] 1 6 0
32 0.395136778116 [4, 10, 1, 0, 0] [4, 10, 1, 0, 0] 1 6 0
32 0.395136778116 [4, 10, 0, 0, 0] [4, 10, 0, 0, 0] 1 6 0
32 0.395136778116 [4, 10, 2, 0, 0] [4, 10, 2, 0, 0] 1 7 0
32 0.395136778116 [4, 10, 3, 0, 0] [4, 10, 3, 0, 0] 1 6 0
32 0.395136778116 [4, 10, 0, 0, 0] [4, 10, 0, 0, 0] 1 6 0
32 0.395136778116 [4, 10, 1, 0, 0] [4, 10, 1, 0, 0] 1 6 0
32 0.395136778116 [4, 10, 1, 0, 0] [4, 10, 1, 0, 0] 1 6 0
32 0.395136778116 [4, 10, 1, 0, 0] [4, 10, 1, 0, 0] 1 6 0
32 0.395136778116 [4, 10, 2, 0, 0] [4, 10, 2, 0, 0] 1 6 0
