Cutoff >1
N1 20000
MaxLen1 12
nHaps NHaps nSp single_nucleotide_pDNCs pDNC_recovered
2 10 189 0.00759878419453 0.452887537994 1 7132 1043 |0, 1, 0, 0|54, 117, 3, 2|435, 1583, 61, 148|319, 2255, 51, 299|97, 1358, 23, 326
2 9 189 0.0121580547112 0.449848024316 0 7760 1083 |0, 0, 0, 0|56, 94, 1, 3|500, 1992, 37, 119|331, 2439, 25, 325|118, 1408, 15, 297
2 8 189 0.00455927051672 0.445288753799 0 7466 994 |0, 0, 0, 0|54, 212, 3, 6|455, 2009, 41, 173|284, 2206, 41, 276|103, 1321, 13, 269
2 7 189 0.0106382978723 0.44376899696 0 7635 1227 |0, 0, 0, 0|56, 72, 1, 2|629, 2082, 31, 143|349, 2389, 33, 205|118, 1333, 10, 182
2 6 189 0.00455927051672 0.460486322188 0 7001 923 |0, 0, 0, 0|53, 192, 3, 5|426, 1840, 50, 136|255, 2123, 29, 256|88, 1275, 19, 251
2 5 189 0.00759878419453 0.451367781155 0 7223 1252 |0, 0, 0, 0|54, 178, 3, 5|622, 1798, 58, 149|315, 2135, 37, 216|128, 1259, 35, 231
2 4 189 0.00911854103343 0.460486322188 1 7358 1271 |0, 1, 0, 0|54, 56, 3, 0|631, 1860, 76, 146|350, 2220, 43, 275|94, 1329, 20, 200
2 3 189 0.00455927051672 0.457446808511 0 7665 953 |0, 0, 0, 0|54, 125, 3, 1|471, 1999, 59, 206|248, 2353, 39, 372|60, 1286, 19, 370
2 2 189 0.0121580547112 0.44376899696 0 6558 1070 |0, 0, 0, 0|54, 131, 3, 2|470, 1758, 52, 120|329, 1812, 31, 295|107, 1113, 24, 257
2 1 189 0.0121580547112 0.446808510638 0 7208 1160 |0, 0, 0, 0|56, 71, 1, 1|532, 1813, 54, 136|340, 2135, 31, 206|125, 1444, 21, 242
3 10 189 0.0121580547112 0.449848024316 0 6773 1133 |0, 0, 0, 0|54, 191, 3, 5|487, 1687, 59, 120|315, 2009, 51, 280|146, 1119, 18, 229
3 9 189 0.0106382978723 0.449848024316 0 7150 1009 |0, 0, 0, 0|54, 192, 3, 7|467, 1561, 44, 117|297, 2133, 24, 368|96, 1382, 24, 381
3 8 189 0.0136778115502 0.442249240122 0 7299 1283 |0, 0, 0, 0|54, 171, 3, 7|581, 1700, 63, 129|387, 2206, 38, 256|134, 1325, 23, 222
3 7 189 0.0106382978723 0.457446808511 0 7589 1118 |0, 0, 0, 0|56, 81, 1, 2|519, 1960, 45, 110|327, 2372, 30, 265|122, 1410, 18, 271
3 6 189 0.00759878419453 0.448328267477 0 7508 1040 |0, 0, 0, 0|54, 142, 3, 4|464, 2086, 41, 174|308, 2336, 50, 219|95, 1283, 25, 224
3 5 189 0.00759878419453 0.462006079027 0 7143 1057 |0, 0, 0, 0|54, 204, 3, 5|446, 1789, 53, 154|312, 2124, 35, 244|124, 1333, 30, 233
3 4 189 0.00455927051672 0.460486322188 0 6852 1065 |0, 0, 0, 0|54, 109, 3, 2|509, 1861, 56, 169|277, 2007, 41, 234|108, 1156, 17, 249
3 3 189 0.0136778115502 0.449848024316 0 7133 1079 |0, 0, 0, 0|54, 204, 3, 7|516, 1950, 53, 143|298, 2113, 35, 248|100, 1203, 20, 186
3 2 189 0.0151975683891 0.468085106383 0 7066 1161 |0, 0, 0, 0|54, 194, 3, 6|477, 1807, 55, 128|365, 2115, 46, 221|127, 1223, 34, 211
3 1 189 0.00911854103343 0.449848024316 0 6978 1013 |0, 0, 0, 0|53, 237, 3, 6|431, 1576, 56, 99|297, 2168, 46, 232|106, 1385, 21, 262
4 10 189 0.016717325228 0.465045592705 0 7338 1263 |0, 0, 0, 0|56, 73, 1, 3|609, 1917, 45, 102|364, 2341, 38, 179|127, 1290, 23, 170
4 9 189 0.0151975683891 0.454407294833 0 7013 1345 |0, 0, 0, 0|56, 67, 1, 1|608, 1696, 63, 105|365, 2065, 44, 244|172, 1282, 36, 208
4 8 189 0.016717325228 0.457446808511 0 6831 1263 |0, 0, 0, 0|56, 75, 1, 2|573, 1714, 44, 63|401, 2066, 37, 217|129, 1217, 22, 214
4 7 189 0.0136778115502 0.440729483283 0 7166 1246 |0, 0, 0, 0|56, 66, 1, 2|587, 1773, 53, 98|368, 2258, 29, 212|132, 1301, 20, 210
4 6 189 0.016717325228 0.448328267477 0 6691 1318 |0, 0, 0, 0|55, 78, 1, 2|603, 1658, 45, 115|416, 2051, 24, 167|152, 1134, 22, 168
4 5 189 0.0136778115502 0.475683890578 0 6353 1127 |0, 0, 0, 0|56, 82, 1, 3|508, 1572, 38, 93|357, 1910, 33, 173|112, 1160, 22, 233
4 4 189 0.0121580547112 0.445288753799 0 6920 1079 |0, 0, 0, 0|56, 85, 1, 3|517, 1809, 40, 74|308, 2273, 30, 165|112, 1268, 15, 164
4 3 189 0.00911854103343 0.457446808511 0 7388 1261 |0, 0, 0, 0|54, 169, 3, 5|645, 1887, 71, 136|323, 2241, 44, 234|102, 1246, 19, 209
4 2 189 0.0121580547112 0.451367781155 0 7384 1221 |0, 0, 0, 0|54, 164, 3, 6|640, 1968, 59, 134|287, 2258, 48, 233|100, 1204, 30, 196
4 1 189 0.0121580547112 0.457446808511 0 7119 1168 |0, 0, 0, 0|54, 118, 3, 4|515, 1957, 49, 112|353, 2135, 47, 237|124, 1191, 23, 197
5 10 189 0.0121580547112 0.455927051672 0 6825 1060 |0, 0, 0, 0|56, 80, 1, 3|519, 1663, 36, 106|309, 2147, 32, 207|96, 1222, 11, 337
5 9 189 0.0151975683891 0.478723404255 0 6300 1230 |0, 0, 0, 0|54, 102, 3, 2|570, 1687, 49, 130|347, 1712, 44, 204|130, 1041, 33, 192
5 8 189 0.0136778115502 0.460486322188 0 6698 1273 |0, 0, 0, 0|54, 156, 3, 5|636, 1604, 74, 111|337, 2019, 40, 246|97, 1045, 32, 239
5 7 189 0.0121580547112 0.445288753799 0 6995 1212 |0, 0, 0, 0|56, 76, 1, 2|579, 1784, 51, 102|339, 2219, 37, 160|129, 1259, 20, 181
5 6 189 0.0136778115502 0.452887537994 0 7266 1352 |0, 0, 0, 0|56, 64, 1, 1|613, 1618, 51, 109|417, 2276, 36, 171|152, 1444, 26, 231
5 5 189 0.0121580547112 0.455927051672 0 6632 1081 |0, 0, 0, 0|54, 117, 3, 2|459, 1816, 55, 136|311, 1955, 42, 244|118, 1084, 39, 197
5 4 189 0.0106382978723 0.451367781155 0 7503 1242 |0, 0, 0, 0|56, 87, 1, 3|575, 2039, 50, 93|365, 2294, 29, 173|145, 1380, 21, 192
5 3 189 0.0106382978723 0.462006079027 0 7258 1184 |0, 0, 0, 0|54, 174, 3, 5|573, 1949, 66, 176|321, 2064, 51, 239|94, 1213, 22, 254
5 2 189 0.0182370820669 0.462006079027 0 6843 1253 |0, 0, 0, 0|56, 78, 1, 2|557, 1813, 55, 98|376, 2112, 38, 208|144, 1156, 26, 123
5 1 189 0.0151975683891 0.454407294833 0 7266 1128 |0, 0, 0, 0|54, 118, 3, 4|522, 2026, 43, 141|306, 2154, 42, 224|124, 1245, 34, 226
6 10 189 0.016717325228 0.481762917933 0 6741 1327 |0, 0, 0, 0|56, 76, 1, 3|618, 1686, 48, 90|383, 2007, 35, 161|166, 1224, 20, 167
6 9 189 0.0151975683891 0.455927051672 0 7133 1232 |0, 0, 0, 0|56, 74, 1, 2|577, 1925, 41, 116|343, 2159, 45, 164|140, 1297, 29, 164
6 8 189 0.0182370820669 0.457446808511 0 6524 1422 |0, 0, 0, 0|54, 160, 3, 4|626, 1503, 85, 103|431, 1869, 42, 242|152, 998, 29, 223
6 7 189 0.0182370820669 0.462006079027 0 6132 1170 |0, 0, 0, 0|55, 78, 1, 3|541, 1607, 37, 84|346, 1761, 29, 172|136, 1072, 25, 185
6 6 189 0.0212765957447 0.469604863222 0 6506 1438 |0, 0, 0, 0|56, 50, 1, 0|695, 1614, 62, 106|413, 1928, 28, 172|151, 1031, 32, 167
6 5 189 0.0136778115502 0.481762917933 0 6046 1240 |0, 0, 0, 0|56, 64, 1, 2|577, 1452, 41, 77|352, 1802, 46, 157|129, 1048, 38, 204
6 4 189 0.0197568389058 0.474164133739 0 6805 1267 |0, 0, 0, 0|54, 117, 3, 3|541, 1806, 51, 203|396, 1947, 42, 233|151, 1034, 29, 195
6 3 189 0.0197568389058 0.454407294833 0 6750 1536 |0, 0, 0, 0|56, 35, 1, 0|755, 1652, 69, 120|426, 1944, 41, 199|157, 1084, 31, 180
6 2 189 0.016717325228 0.465045592705 0 6808 1172 |0, 0, 0, 0|56, 75, 1, 3|562, 1754, 44, 91|340, 2187, 25, 180|124, 1182, 20, 164
6 1 189 0.0212765957447 0.448328267477 0 6058 1247 |0, 0, 0, 0|54, 115, 3, 2|540, 1632, 52, 118|378, 1668, 53, 176|143, 957, 24, 143
7 10 189 0.0182370820669 0.457446808511 0 6778 1315 |0, 0, 0, 0|56, 76, 1, 3|582, 1673, 38, 98|404, 2075, 32, 192|168, 1141, 34, 205
7 9 189 0.0182370820669 0.465045592705 0 6425 1417 |0, 0, 0, 0|56, 45, 1, 1|639, 1498, 57, 94|457, 1856, 26, 170|150, 1216, 31, 128
7 8 189 0.016717325228 0.462006079027 0 6048 1485 |0, 0, 0, 0|56, 54, 1, 1|698, 1333, 41, 73|434, 1767, 37, 134|176, 1054, 42, 147
7 7 189 0.0212765957447 0.45896656535 0 6678 1430 |0, 0, 0, 0|56, 70, 1, 1|632, 1816, 57, 100|427, 1873, 40, 155|192, 1084, 25, 149
7 6 189 0.0243161094225 0.454407294833 0 6132 1275 |0, 0, 0, 0|54, 186, 3, 5|515, 1608, 48, 139|395, 1675, 53, 211|163, 866, 44, 167
7 5 189 0.0182370820669 0.469604863222 0 6287 1542 |0, 0, 0, 0|56, 43, 1, 1|712, 1344, 59, 102|485, 1831, 32, 176|178, 1104, 19, 144
7 4 189 0.0197568389058 0.4726443769 0 6187 1325 |0, 0, 0, 0|56, 49, 1, 1|633, 1481, 70, 95|359, 1796, 26, 173|163, 1072, 17, 195
7 3 189 0.0258358662614 0.4726443769 0 6073 1337 |0, 0, 0, 0|56, 76, 1, 3|618, 1463, 39, 85|388, 1751, 38, 152|163, 1048, 34, 158
7 2 189 0.0212765957447 0.468085106383 0 6317 1452 |0, 0, 0, 0|54, 147, 3, 5|709, 1444, 70, 147|409, 1767, 50, 188|131, 972, 26, 195
7 1 189 0.0227963525836 0.489361702128 0 6521 1375 |0, 0, 0, 0|56, 43, 1, 1|618, 1574, 56, 106|415, 1904, 24, 160|166, 1217, 39, 141
8 10 189 0.0227963525836 0.469604863222 0 5489 1286 |0, 0, 0, 0|54, 162, 3, 4|539, 1303, 71, 107|373, 1401, 49, 176|158, 833, 39, 217
8 9 189 0.0288753799392 0.466565349544 0 6556 1604 |0, 0, 0, 0|56, 50, 1, 1|738, 1436, 58, 125|460, 1807, 46, 209|199, 1130, 46, 194
8 8 189 0.0273556231003 0.474164133739 0 7109 1678 |0, 0, 0, 0|56, 54, 1, 2|745, 1746, 60, 96|530, 1958, 43, 199|206, 1198, 37, 178
8 7 189 0.0212765957447 0.460486322188 0 6406 1471 |0, 0, 0, 0|54, 152, 3, 4|662, 1503, 82, 125|421, 1756, 65, 217|159, 998, 25, 180
8 6 189 0.0212765957447 0.45896656535 0 5866 1533 |0, 0, 0, 0|56, 40, 1, 1|684, 1208, 58, 92|491, 1611, 30, 153|185, 1044, 28, 184
8 5 189 0.0182370820669 0.477203647416 0 6155 1291 |0, 0, 0, 0|54, 172, 3, 4|612, 1495, 60, 114|360, 1706, 45, 196|131, 989, 26, 188
8 4 189 0.0258358662614 0.457446808511 0 6456 1492 |0, 0, 0, 0|56, 43, 1, 1|733, 1543, 42, 83|424, 1869, 47, 215|167, 1019, 22, 191
8 3 189 0.0243161094225 0.468085106383 0 6464 1291 |0, 0, 0, 0|56, 82, 1, 2|542, 1846, 45, 98|407, 1790, 45, 144|173, 1057, 22, 154
8 2 189 0.0227963525836 0.475683890578 0 5933 1471 |0, 0, 0, 0|54, 153, 3, 4|657, 1335, 73, 145|430, 1535, 56, 212|161, 866, 37, 212
8 1 189 0.0258358662614 0.4726443769 0 6252 1557 |0, 0, 0, 0|54, 155, 3, 5|659, 1377, 74, 113|476, 1642, 74, 228|172, 983, 45, 192
9 10 189 0.0243161094225 0.478723404255 0 5898 1423 |0, 0, 0, 0|56, 53, 1, 1|669, 1308, 51, 59|426, 1703, 32, 167|164, 1019, 24, 165
9 9 189 0.0197568389058 0.466565349544 0 6591 1440 |0, 0, 0, 0|56, 40, 1, 2|691, 1650, 48, 120|408, 1863, 44, 154|170, 1150, 22, 172
9 8 189 0.0227963525836 0.474164133739 0 6575 1413 |0, 0, 0, 0|56, 51, 1, 1|698, 1719, 52, 116|382, 1941, 34, 169|158, 1000, 32, 165
9 7 189 0.0288753799392 0.468085106383 0 6013 1457 |0, 0, 0, 0|56, 79, 1, 1|603, 1471, 56, 96|472, 1637, 34, 151|203, 987, 32, 134
9 6 189 0.0197568389058 0.468085106383 0 6206 1272 |0, 0, 0, 0|56, 74, 1, 2|567, 1595, 51, 99|381, 1836, 38, 129|147, 1028, 31, 171
9 5 189 0.0288753799392 0.468085106383 0 5832 1561 |0, 0, 0, 0|55, 53, 1, 2|665, 1336, 44, 93|502, 1609, 46, 138|207, 890, 41, 150
9 4 189 0.0212765957447 0.478723404255 0 5613 1326 |0, 0, 0, 0|56, 58, 1, 2|618, 1414, 41, 64|387, 1553, 36, 144|161, 897, 26, 155
9 3 189 0.0243161094225 0.475683890578 0 6343 1465 |0, 0, 0, 0|56, 32, 1, 0|713, 1542, 60, 133|440, 1824, 48, 169|129, 997, 18, 181
9 2 189 0.0212765957447 0.469604863222 0 6159 1275 |0, 0, 0, 0|54, 182, 3, 6|583, 1510, 53, 130|368, 1663, 47, 187|141, 1034, 26, 172
9 1 189 0.0212765957447 0.489361702128 0 6433 1444 |0, 0, 0, 0|56, 46, 1, 1|655, 1484, 68, 116|424, 1890, 43, 185|172, 1094, 25, 173
10 10 189 0.0288753799392 0.471124620061 0 6251 1561 |0, 0, 0, 0|56, 50, 1, 3|705, 1452, 50, 87|487, 1784, 47, 178|181, 969, 34, 167
10 9 189 0.031914893617 0.481762917933 0 5836 1535 |0, 0, 0, 0|54, 71, 3, 2|665, 1349, 65, 95|459, 1506, 82, 171|165, 938, 42, 169
10 8 189 0.0227963525836 0.495440729483 0 6065 1647 |0, 0, 0, 0|56, 28, 1, 0|795, 1213, 66, 90|499, 1742, 37, 137|173, 1039, 20, 169
10 7 189 0.0288753799392 0.475683890578 0 5645 1467 |0, 0, 0, 0|56, 64, 1, 2|621, 1146, 53, 59|485, 1664, 49, 105|168, 1008, 34, 130
10 6 189 0.0303951367781 0.490881458967 0 5874 1582 |0, 0, 0, 0|56, 52, 1, 1|711, 1438, 59, 75|461, 1532, 56, 136|203, 892, 35, 166
10 5 189 0.0303951367781 0.489361702128 0 5244 1526 |0, 0, 0, 0|56, 49, 1, 0|666, 1246, 52, 74|490, 1375, 36, 144|194, 726, 31, 104
10 4 189 0.0243161094225 0.480243161094 0 5948 1491 |0, 0, 0, 0|56, 38, 1, 2|712, 1167, 56, 87|425, 1667, 36, 199|179, 1050, 26, 247
10 3 189 0.0273556231003 0.480243161094 0 5957 1528 |0, 0, 0, 0|56, 50, 1, 2|674, 1437, 45, 91|481, 1662, 50, 122|193, 926, 28, 139
10 2 189 0.0303951367781 0.462006079027 0 6280 1444 |0, 0, 0, 0|56, 63, 1, 1|621, 1530, 52, 94|445, 1773, 46, 167|186, 1048, 37, 160
10 1 189 0.0273556231003 0.495440729483 0 5926 1601 |0, 0, 0, 0|54, 73, 3, 2|738, 1333, 73, 132|473, 1474, 52, 170|168, 949, 40, 192
11 10 189 0.0273556231003 0.498480243161 0 5945 1671 |0, 0, 0, 0|56, 34, 1, 1|793, 1337, 56, 77|478, 1540, 39, 156|220, 951, 28, 178
11 9 189 0.0258358662614 0.481762917933 0 5841 1443 |0, 0, 0, 0|56, 67, 1, 2|657, 1286, 45, 76|448, 1674, 41, 146|168, 1012, 27, 135
11 8 189 0.0258358662614 0.4726443769 0 6266 1590 |0, 0, 0, 0|56, 51, 1, 2|668, 1290, 49, 77|534, 1761, 51, 199|196, 1124, 35, 172
11 7 189 0.031914893617 0.477203647416 0 5394 1566 |0, 0, 0, 0|56, 50, 1, 1|678, 1154, 53, 95|454, 1403, 61, 115|224, 891, 39, 119
11 6 189 0.0273556231003 0.490881458967 0 6485 1531 |0, 0, 0, 0|56, 39, 1, 1|702, 1514, 68, 113|456, 1899, 36, 183|180, 1024, 32, 181
11 5 189 0.0227963525836 0.465045592705 0 6115 1346 |0, 0, 0, 0|54, 114, 3, 1|560, 1593, 55, 149|428, 1657, 49, 207|163, 895, 34, 153
11 4 189 0.031914893617 0.477203647416 0 5643 1373 |0, 0, 0, 0|56, 73, 1, 2|613, 1339, 57, 98|411, 1552, 39, 127|179, 900, 17, 179
11 3 189 0.0334346504559 0.478723404255 0 5799 1541 |0, 0, 0, 0|56, 44, 1, 1|724, 1344, 50, 80|450, 1662, 39, 120|185, 895, 36, 112
11 2 189 0.0243161094225 0.466565349544 0 6008 1606 |0, 0, 0, 0|56, 36, 1, 0|712, 1210, 65, 79|497, 1682, 46, 142|195, 1109, 34, 144
11 1 189 0.0288753799392 0.481762917933 0 5713 1378 |0, 0, 0, 0|56, 74, 1, 2|571, 1364, 52, 89|452, 1653, 43, 135|172, 888, 31, 130
12 10 189 0.0258358662614 0.490881458967 0 5678 1712 |0, 0, 0, 0|56, 20, 1, 1|815, 1177, 72, 67|506, 1546, 56, 160|168, 845, 38, 150
12 9 189 0.0303951367781 0.490881458967 0 5853 1811 |0, 0, 0, 0|56, 24, 1, 0|796, 1146, 55, 110|565, 1540, 61, 169|240, 932, 37, 121
12 8 189 0.0303951367781 0.495440729483 0 5748 1589 |0, 0, 0, 0|54, 140, 3, 5|659, 1299, 58, 81|500, 1442, 65, 180|205, 863, 45, 149
12 7 189 0.0273556231003 0.503039513678 0 5594 1596 |0, 0, 0, 0|56, 35, 1, 1|680, 1097, 65, 92|489, 1524, 47, 153|215, 940, 43, 156
12 6 189 0.031914893617 0.483282674772 0 5653 1586 |0, 0, 0, 0|56, 38, 1, 2|733, 1198, 62, 68|497, 1573, 40, 140|173, 925, 24, 123
12 5 189 0.0349544072948 0.481762917933 0 6269 1767 |0, 0, 0, 0|55, 40, 1, 1|823, 1421, 60, 104|551, 1679, 53, 170|194, 962, 30, 125
12 4 189 0.0303951367781 0.471124620061 0 5836 1904 |0, 0, 0, 0|56, 27, 1, 1|878, 1240, 64, 62|582, 1449, 61, 152|227, 868, 35, 133
12 3 189 0.0334346504559 0.483282674772 0 6156 1624 |0, 0, 0, 0|56, 49, 1, 2|769, 1526, 41, 109|486, 1635, 36, 139|198, 925, 37, 147
12 2 189 0.031914893617 0.484802431611 0 6037 1573 |0, 0, 0, 0|56, 39, 1, 1|745, 1400, 59, 110|460, 1700, 61, 146|162, 918, 29, 150
12 1 189 0.0273556231003 0.487841945289 0 5542 1662 |0, 0, 0, 0|56, 47, 1, 2|677, 1059, 45, 68|531, 1464, 56, 138|260, 949, 36, 153
13 10 189 0.0288753799392 0.496960486322 0 5938 1649 |0, 0, 0, 0|56, 29, 1, 2|764, 1336, 56, 56|493, 1653, 52, 152|194, 921, 33, 140
13 9 189 0.0227963525836 0.5 0 5886 1500 |0, 0, 0, 0|56, 40, 1, 1|684, 1271, 50, 87|434, 1719, 49, 149|194, 963, 32, 156
13 8 189 0.0273556231003 0.48632218845 0 5509 1566 |0, 0, 0, 0|54, 69, 3, 1|681, 1268, 70, 154|461, 1263, 65, 188|195, 833, 37, 167
13 7 189 0.0379939209726 0.484802431611 0 6386 1747 |0, 0, 0, 0|56, 37, 1, 1|830, 1579, 78, 121|485, 1718, 57, 124|206, 929, 34, 130
13 6 189 0.0227963525836 0.498480243161 0 5796 1298 |0, 0, 0, 0|56, 43, 1, 1|588, 1517, 61, 104|373, 1656, 29, 150|164, 898, 26, 129
13 5 189 0.031914893617 0.48632218845 0 5475 1783 |0, 0, 0, 0|54, 125, 3, 4|696, 1051, 82, 99|570, 1278, 75, 211|241, 744, 62, 180
13 4 189 0.0410334346505 0.484802431611 0 5366 1589 |0, 0, 0, 0|56, 64, 1, 2|680, 1355, 36, 76|527, 1353, 49, 124|208, 693, 32, 110
13 3 189 0.0273556231003 0.466565349544 0 5923 1856 |0, 0, 0, 0|56, 28, 1, 0|820, 1234, 83, 55|538, 1568, 59, 208|249, 812, 50, 162
13 2 189 0.0379939209726 0.492401215805 0 5305 1892 |0, 0, 0, 0|56, 23, 1, 2|912, 1082, 74, 73|547, 1258, 55, 129|211, 738, 36, 108
13 1 189 0.0303951367781 0.489361702128 0 5692 1708 |0, 0, 0, 0|56, 56, 1, 2|719, 1163, 59, 65|536, 1548, 56, 122|234, 916, 47, 112
14 10 189 0.0364741641337 0.484802431611 0 4972 1624 |0, 0, 0, 0|56, 50, 1, 2|675, 1017, 44, 71|522, 1244, 49, 104|231, 772, 46, 88
14 9 189 0.0258358662614 0.492401215805 0 5763 1645 |0, 0, 0, 0|56, 36, 1, 1|721, 1301, 52, 126|515, 1474, 47, 151|218, 873, 35, 156
14 8 189 0.0349544072948 0.480243161094 0 5679 1686 |0, 0, 0, 0|56, 25, 1, 1|766, 1114, 69, 108|505, 1535, 65, 157|189, 919, 35, 134
14 7 189 0.031914893617 0.495440729483 0 5003 1740 |0, 0, 0, 0|56, 25, 1, 0|833, 953, 73, 70|524, 1262, 42, 119|179, 745, 32, 89
14 6 189 0.0303951367781 0.509118541033 0 5672 1644 |0, 0, 0, 0|56, 50, 1, 2|719, 1246, 42, 54|524, 1550, 50, 130|204, 875, 48, 121
14 5 189 0.0334346504559 0.483282674772 0 5444 1790 |0, 0, 0, 0|56, 31, 1, 0|820, 1150, 92, 70|547, 1379, 51, 139|185, 764, 38, 121
14 4 189 0.0410334346505 0.481762917933 0 5625 1834 |0, 0, 0, 0|56, 32, 1, 1|839, 1316, 58, 59|538, 1381, 56, 153|243, 719, 43, 130
14 3 189 0.0395136778116 0.506079027356 0 5409 1863 |0, 0, 0, 0|56, 30, 1, 0|809, 1121, 77, 105|577, 1283, 61, 141|250, 732, 32, 134
14 2 189 0.0410334346505 0.498480243161 0 6054 1872 |0, 0, 0, 0|56, 34, 1, 1|846, 1366, 60, 82|560, 1570, 66, 156|239, 834, 44, 139
14 1 189 0.0349544072948 0.480243161094 0 5404 1896 |0, 0, 0, 0|56, 45, 1, 1|764, 946, 77, 66|632, 1381, 53, 142|250, 781, 63, 146
15 10 189 0.0334346504559 0.493920972644 0 4324 1734 |0, 0, 0, 0|56, 34, 1, 1|708, 659, 66, 55|583, 1009, 52, 81|224, 656, 44, 95
15 9 189 0.0334346504559 0.480243161094 0 5419 1868 |0, 0, 0, 0|56, 25, 1, 1|839, 1090, 60, 93|580, 1319, 48, 137|244, 767, 40, 119
15 8 189 0.0364741641337 0.481762917933 0 6226 1861 |0, 0, 0, 0|56, 41, 1, 1|774, 1303, 85, 94|614, 1604, 56, 188|218, 990, 57, 144
15 7 189 0.0379939209726 0.503039513678 0 5270 1665 |0, 0, 0, 0|56, 55, 1, 1|683, 1117, 64, 73|539, 1354, 55, 100|234, 766, 33, 139
15 6 189 0.0334346504559 0.484802431611 0 5840 1860 |0, 0, 0, 0|56, 18, 1, 1|896, 1275, 49, 89|545, 1499, 66, 158|214, 805, 33, 135
15 5 189 0.0425531914894 0.496960486322 0 5738 2093 |0, 0, 0, 0|56, 33, 1, 0|891, 1260, 74, 73|660, 1230, 65, 132|291, 791, 55, 126
15 4 189 0.0410334346505 0.498480243161 0 5763 1983 |0, 0, 0, 0|56, 23, 1, 0|909, 1102, 73, 89|613, 1505, 62, 126|227, 801, 42, 134
15 3 189 0.0379939209726 0.487841945289 0 5788 1753 |0, 0, 0, 0|56, 46, 1, 2|787, 1320, 55, 63|550, 1540, 51, 151|209, 816, 44, 97
15 2 189 0.0364741641337 0.48632218845 0 5634 2018 |0, 0, 0, 0|56, 21, 1, 1|886, 1074, 65, 68|646, 1370, 63, 165|258, 791, 43, 126
15 1 189 0.0273556231003 0.484802431611 0 5390 1695 |0, 0, 0, 0|56, 52, 1, 2|767, 975, 54, 50|518, 1396, 52, 131|208, 938, 39, 151
16 10 189 0.0379939209726 0.489361702128 0 4951 1667 |0, 0, 0, 0|56, 41, 1, 2|684, 1041, 58, 47|532, 1234, 55, 99|232, 708, 49, 112
16 9 189 0.0334346504559 0.501519756839 0 5123 1582 |0, 0, 0, 0|56, 58, 1, 1|668, 1057, 48, 71|465, 1267, 60, 157|234, 772, 50, 158
16 8 189 0.0364741641337 0.484802431611 0 5398 1868 |0, 0, 0, 0|56, 30, 1, 2|794, 1014, 72, 46|591, 1299, 48, 138|260, 841, 46, 160
16 7 189 0.0379939209726 0.521276595745 0 5271 1843 |0, 0, 0, 0|56, 25, 1, 1|865, 1132, 59, 64|556, 1276, 71, 124|203, 694, 32, 112
16 6 189 0.0364741641337 0.495440729483 0 5136 1789 |0, 0, 0, 0|54, 70, 3, 2|743, 1201, 75, 120|549, 1050, 66, 136|254, 642, 45, 126
16 5 189 0.0349544072948 0.475683890578 0 4807 1922 |0, 0, 0, 0|56, 24, 1, 0|824, 771, 70, 92|621, 1065, 56, 116|246, 704, 48, 113
16 4 189 0.0303951367781 0.487841945289 0 5410 1921 |0, 0, 0, 0|56, 19, 1, 1|854, 910, 60, 90|582, 1395, 69, 146|256, 788, 43, 140
16 3 189 0.0425531914894 0.484802431611 0 5837 2177 |0, 0, 0, 0|56, 27, 1, 0|955, 1097, 80, 87|672, 1404, 68, 147|282, 802, 63, 96
16 2 189 0.031914893617 0.512158054711 0 4952 1611 |0, 0, 0, 0|56, 39, 1, 1|669, 931, 53, 56|530, 1290, 50, 140|219, 769, 33, 115
16 1 189 0.0395136778116 0.510638297872 0 5308 1878 |0, 0, 0, 0|56, 22, 1, 1|830, 1010, 54, 95|610, 1309, 48, 128|232, 721, 47, 144
17 10 189 0.0379939209726 0.496960486322 0 4989 1909 |0, 0, 0, 0|56, 19, 1, 1|870, 981, 60, 71|603, 1127, 63, 106|215, 669, 41, 106
17 9 189 0.0440729483283 0.512158054711 0 5608 2062 |0, 0, 0, 0|56, 31, 1, 1|918, 1024, 58, 44|649, 1395, 45, 113|291, 823, 44, 115
17 8 189 0.031914893617 0.498480243161 0 5177 1817 |0, 0, 0, 0|56, 31, 1, 0|764, 1108, 77, 73|544, 1240, 56, 115|275, 695, 44, 98
17 7 189 0.0334346504559 0.51367781155 0 5262 1720 |0, 0, 0, 0|56, 34, 1, 0|752, 1017, 66, 94|538, 1394, 46, 153|215, 733, 46, 117
17 6 189 0.0410334346505 0.5 0 4976 2069 |0, 0, 0, 0|56, 46, 1, 1|800, 919, 53, 49|674, 1039, 77, 112|350, 600, 58, 141
17 5 189 0.0410334346505 0.51367781155 0 5535 1948 |0, 0, 0, 0|56, 28, 1, 0|882, 1053, 62, 80|604, 1399, 64, 163|235, 732, 44, 132
17 4 189 0.0395136778116 0.510638297872 0 5468 1949 |0, 0, 0, 0|56, 40, 1, 2|806, 1016, 62, 61|647, 1300, 70, 130|262, 814, 45, 156
17 3 189 0.0425531914894 0.512158054711 0 5192 2146 |0, 0, 0, 0|56, 19, 1, 0|932, 1092, 70, 47|683, 1128, 72, 96|287, 570, 45, 94
17 2 189 0.0379939209726 0.5 0 4674 1910 |0, 0, 0, 0|56, 18, 1, 0|849, 748, 71, 79|587, 1002, 69, 134|234, 687, 43, 96
17 1 189 0.0395136778116 0.51367781155 0 5057 1755 |0, 0, 0, 0|56, 42, 1, 1|725, 920, 71, 81|592, 1263, 50, 122|222, 742, 38, 131
18 10 189 0.0455927051672 0.512158054711 0 5182 2103 |0, 0, 0, 0|56, 25, 1, 0|891, 958, 71, 53|695, 1132, 70, 134|265, 665, 54, 112
18 9 189 0.0410334346505 0.493920972644 0 4635 1804 |0, 0, 0, 0|56, 61, 1, 3|721, 903, 41, 69|604, 1014, 74, 90|272, 599, 35, 92
18 8 189 0.0410334346505 0.524316109422 0 4716 1789 |0, 0, 0, 0|56, 44, 1, 2|725, 899, 51, 42|614, 1091, 60, 117|242, 628, 40, 104
18 7 189 0.0410334346505 0.507598784195 0 4885 1822 |0, 0, 0, 0|56, 35, 1, 2|770, 926, 56, 69|609, 1110, 50, 125|246, 666, 34, 130
18 6 189 0.0410334346505 0.498480243161 0 5351 1884 |0, 0, 0, 0|56, 29, 1, 0|840, 1086, 68, 84|591, 1289, 52, 152|238, 708, 38, 119
18 5 189 0.0440729483283 0.509118541033 0 4475 2099 |0, 0, 0, 0|56, 35, 1, 2|848, 704, 55, 39|701, 892, 82, 101|308, 508, 48, 95
18 4 189 0.0425531914894 0.504559270517 0 5290 1890 |0, 0, 0, 0|56, 30, 1, 1|821, 1072, 78, 52|614, 1317, 56, 129|221, 692, 43, 107
18 3 189 0.0471124620061 0.503039513678 0 5199 2217 |0, 0, 0, 0|56, 20, 1, 0|942, 872, 67, 85|700, 1109, 75, 128|318, 644, 58, 124
18 2 189 0.0425531914894 0.533434650456 0 5537 1908 |0, 0, 0, 0|56, 28, 1, 1|852, 1144, 67, 53|555, 1380, 59, 137|274, 767, 44, 119
18 1 189 0.0440729483283 0.504559270517 0 4998 1998 |0, 0, 0, 0|56, 17, 1, 1|893, 901, 63, 60|635, 1139, 60, 139|252, 632, 38, 111
19 10 189 0.0395136778116 0.493920972644 0 4855 1748 |0, 0, 0, 0|56, 39, 1, 1|722, 917, 63, 66|551, 1145, 65, 131|241, 690, 49, 118
19 9 189 0.048632218845 0.477203647416 0 5323 2093 |0, 0, 0, 0|56, 36, 1, 1|857, 1118, 69, 55|664, 1206, 85, 91|308, 621, 53, 102
19 8 189 0.0440729483283 0.503039513678 0 4992 1852 |0, 0, 0, 0|56, 45, 1, 2|747, 852, 55, 50|619, 1243, 70, 110|265, 740, 39, 98
19 7 189 0.0410334346505 0.512158054711 0 4654 1956 |0, 0, 0, 0|56, 17, 1, 0|826, 744, 89, 77|636, 984, 59, 130|237, 632, 52, 114
19 6 189 0.0471124620061 0.504559270517 0 4885 1907 |0, 0, 0, 0|56, 29, 1, 1|825, 880, 57, 54|610, 1130, 52, 131|263, 646, 43, 107
19 5 189 0.0395136778116 0.504559270517 0 5065 1994 |0, 0, 0, 0|56, 26, 1, 1|852, 960, 70, 87|647, 1112, 66, 137|258, 653, 44, 95
19 4 189 0.0471124620061 0.516717325228 0 4874 2196 |0, 0, 0, 0|56, 24, 1, 1|978, 767, 90, 68|660, 1061, 57, 126|299, 529, 55, 102
19 3 189 0.0425531914894 0.496960486322 0 4832 2073 |0, 0, 0, 0|56, 21, 1, 0|899, 801, 85, 83|626, 1084, 72, 134|282, 544, 52, 92
19 2 189 0.0349544072948 0.516717325228 0 4824 1815 |0, 0, 0, 0|56, 24, 1, 1|804, 782, 64, 54|577, 1142, 60, 114|218, 775, 35, 117
19 1 189 0.0379939209726 0.5 0 5087 1887 |0, 0, 0, 0|56, 36, 1, 1|853, 996, 57, 71|590, 1206, 55, 111|235, 679, 40, 100
20 10 189 0.0425531914894 0.516717325228 0 5102 2182 |0, 0, 0, 0|56, 14, 1, 0|941, 865, 91, 54|691, 1138, 63, 105|303, 643, 36, 101
20 9 189 0.0425531914894 0.531914893617 0 4582 2352 |0, 0, 0, 0|56, 10, 1, 0|957, 657, 87, 27|763, 832, 90, 100|345, 487, 53, 117
20 8 189 0.048632218845 0.507598784195 0 4927 1967 |0, 0, 0, 0|56, 39, 1, 2|828, 919, 61, 67|619, 1118, 55, 129|292, 563, 55, 123
20 7 189 0.048632218845 0.533434650456 0 4737 2326 |0, 0, 0, 0|56, 12, 1, 0|1006, 572, 76, 53|741, 946, 84, 85|318, 646, 44, 97
20 6 189 0.0455927051672 0.503039513678 0 4285 2233 |0, 0, 0, 0|56, 16, 1, 0|920, 568, 69, 47|733, 767, 65, 85|333, 487, 56, 82
20 5 189 0.048632218845 0.492401215805 0 4650 2281 |0, 0, 0, 0|56, 33, 1, 1|917, 739, 62, 35|800, 889, 72, 90|326, 502, 47, 80
20 4 189 0.0425531914894 0.480243161094 0 5176 2194 |0, 0, 0, 0|56, 10, 1, 0|958, 903, 90, 48|661, 1132, 77, 133|295, 646, 56, 110
20 3 189 0.0440729483283 0.5 0 4651 2264 |0, 0, 0, 0|56, 10, 1, 0|940, 697, 85, 49|715, 908, 79, 94|331, 538, 57, 91
20 2 189 0.0471124620061 0.515197568389 0 4885 2015 |0, 0, 0, 0|56, 41, 1, 1|834, 882, 65, 52|662, 1098, 71, 120|266, 573, 60, 103
20 1 189 0.0501519756839 0.512158054711 0 4611 2347 |0, 0, 0, 0|56, 14, 1, 1|1015, 654, 74, 28|768, 861, 74, 65|292, 560, 67, 81
21 10 189 0.0440729483283 0.496960486322 0 4776 2182 |0, 0, 0, 0|56, 9, 1, 0|966, 731, 89, 58|656, 1022, 62, 106|297, 555, 55, 113
21 9 189 0.0501519756839 0.48632218845 0 5491 2414 |0, 0, 0, 0|56, 16, 1, 0|1026, 946, 93, 71|764, 1183, 81, 122|321, 624, 72, 115
21 8 189 0.048632218845 0.519756838906 0 4138 2191 |0, 0, 0, 0|56, 29, 1, 1|853, 557, 59, 59|740, 692, 65, 70|354, 459, 63, 80
21 7 189 0.0501519756839 0.521276595745 0 4544 2272 |0, 0, 0, 0|56, 35, 1, 1|881, 703, 74, 49|774, 806, 63, 86|355, 511, 68, 81
21 6 189 0.0455927051672 0.512158054711 0 4295 2318 |0, 0, 0, 0|56, 10, 1, 0|984, 520, 93, 63|694, 742, 94, 103|348, 448, 48, 91
21 5 189 0.048632218845 0.492401215805 0 4571 2404 |0, 0, 0, 0|56, 13, 1, 0|972, 614, 85, 38|790, 817, 67, 64|344, 500, 89, 121
21 4 189 0.0471124620061 0.489361702128 0 4524 2189 |0, 0, 0, 0|56, 10, 1, 0|1002, 710, 72, 36|653, 907, 77, 90|283, 477, 45, 105
21 3 189 0.0440729483283 0.533434650456 0 4958 2319 |0, 0, 0, 0|56, 12, 1, 0|987, 736, 71, 70|753, 1021, 74, 99|320, 600, 57, 101
21 2 189 0.0379939209726 0.521276595745 0 4544 1936 |0, 0, 0, 0|56, 34, 1, 1|838, 741, 72, 35|619, 1042, 58, 87|256, 571, 36, 97
21 1 189 0.048632218845 0.492401215805 0 5248 2376 |0, 0, 0, 0|56, 17, 1, 0|1008, 973, 84, 58|757, 1069, 82, 114|320, 570, 68, 71
22 10 189 0.048632218845 0.525835866261 0 4301 2235 |0, 0, 0, 0|56, 30, 1, 1|901, 710, 72, 44|752, 687, 71, 98|326, 406, 56, 90
22 9 189 0.0471124620061 0.503039513678 0 5128 2457 |0, 0, 0, 0|56, 9, 1, 0|1021, 780, 91, 44|807, 996, 81, 123|330, 616, 70, 103
22 8 189 0.0501519756839 0.5273556231 0 4930 2465 |0, 0, 0, 0|56, 17, 1, 1|1007, 758, 92, 34|783, 893, 82, 103|376, 551, 68, 108
22 7 189 0.0516717325228 0.524316109422 0 4825 2405 |0, 0, 0, 0|56, 15, 1, 1|1031, 657, 88, 73|741, 880, 73, 100|352, 598, 63, 96
22 6 189 0.0455927051672 0.507598784195 0 5117 2184 |0, 0, 0, 0|56, 19, 1, 0|941, 975, 85, 59|649, 1107, 73, 88|322, 594, 57, 91
22 5 189 0.048632218845 0.528875379939 0 4359 2278 |0, 0, 0, 0|56, 10, 1, 0|1037, 507, 76, 27|697, 816, 61, 105|296, 516, 54, 100
22 4 189 0.0425531914894 0.519756838906 0 4918 2177 |0, 0, 0, 0|56, 14, 1, 0|945, 742, 78, 75|694, 1086, 58, 114|291, 593, 54, 117
22 3 189 0.048632218845 0.522796352584 0 4568 2450 |0, 0, 0, 0|56, 15, 1, 0|1012, 636, 89, 59|794, 777, 85, 92|356, 459, 57, 80
22 2 189 0.0516717325228 0.521276595745 0 4965 2326 |0, 0, 0, 0|56, 34, 1, 1|952, 665, 76, 36|751, 1051, 76, 120|347, 628, 67, 104
22 1 189 0.048632218845 0.519756838906 0 4447 2544 |0, 0, 0, 0|56, 9, 1, 0|1002, 464, 75, 30|866, 735, 81, 91|397, 502, 66, 72
23 10 189 0.0501519756839 0.515197568389 0 4605 2466 |0, 0, 0, 0|56, 13, 1, 1|1061, 621, 88, 40|753, 870, 81, 89|347, 431, 79, 74
23 9 189 0.0455927051672 0.516717325228 0 4620 2240 |0, 0, 0, 0|56, 16, 1, 0|961, 744, 67, 51|709, 842, 72, 103|326, 513, 48, 111
23 8 189 0.0516717325228 0.5 0 4148 2396 |0, 0, 0, 0|56, 6, 1, 0|1058, 481, 94, 22|749, 702, 67, 70|320, 395, 51, 76
23 7 189 0.0440729483283 0.503039513678 0 4935 2498 |0, 0, 0, 0|56, 14, 1, 0|994, 711, 85, 67|824, 940, 85, 115|378, 492, 75, 98
23 6 189 0.0516717325228 0.521276595745 0 4097 2457 |0, 0, 0, 0|56, 27, 1, 1|940, 459, 82, 31|838, 589, 82, 77|388, 370, 70, 86
23 5 189 0.0455927051672 0.5273556231 0 4970 2356 |0, 0, 0, 0|56, 12, 1, 0|952, 738, 78, 48|794, 1011, 88, 90|334, 612, 53, 103
23 4 189 0.048632218845 0.521276595745 0 5057 2221 |0, 0, 0, 0|56, 33, 1, 2|902, 838, 69, 37|697, 1102, 74, 87|353, 638, 69, 99
23 3 189 0.0501519756839 0.516717325228 0 4908 2392 |0, 0, 0, 0|56, 15, 1, 0|986, 753, 85, 76|761, 918, 66, 132|358, 505, 79, 117
23 2 189 0.0471124620061 0.519756838906 0 4772 2283 |0, 0, 0, 0|56, 16, 1, 0|977, 759, 75, 47|677, 928, 93, 96|341, 544, 63, 99
23 1 189 0.0501519756839 0.524316109422 0 4631 2246 |0, 0, 0, 0|56, 18, 1, 0|917, 774, 82, 37|730, 878, 88, 105|322, 477, 50, 96
24 10 189 0.0455927051672 0.518237082067 0 4718 2302 |0, 0, 0, 0|56, 13, 1, 0|1043, 694, 90, 22|708, 979, 57, 93|281, 515, 66, 100
24 9 189 0.0516717325228 0.524316109422 0 4482 2293 |0, 0, 0, 0|56, 19, 1, 0|948, 631, 69, 39|751, 810, 60, 81|343, 498, 65, 111
24 8 189 0.0562310030395 0.518237082067 0 4443 2465 |0, 0, 0, 0|56, 16, 1, 0|1058, 628, 101, 45|780, 759, 63, 69|351, 393, 55, 68
24 7 189 0.0531914893617 0.524316109422 0 5222 2385 |0, 0, 0, 0|56, 18, 1, 0|1071, 923, 93, 63|688, 1088, 71, 97|339, 571, 66, 77
24 6 189 0.0516717325228 0.531914893617 0 5008 2295 |0, 0, 0, 0|56, 21, 1, 0|952, 834, 80, 101|760, 1022, 82, 92|317, 547, 47, 96
24 5 189 0.0516717325228 0.525835866261 0 5120 2381 |0, 0, 0, 0|56, 17, 1, 0|1015, 838, 86, 91|738, 1009, 80, 105|322, 579, 83, 100
24 4 189 0.048632218845 0.516717325228 0 4754 2537 |0, 0, 0, 0|56, 10, 1, 0|1043, 498, 91, 59|830, 903, 84, 76|370, 588, 62, 83
24 3 189 0.0410334346505 0.521276595745 0 4711 2271 |0, 0, 0, 0|56, 13, 1, 0|980, 658, 66, 30|754, 905, 70, 78|289, 643, 55, 113
24 2 189 0.0516717325228 0.512158054711 0 4512 2438 |0, 0, 0, 0|56, 9, 1, 0|989, 613, 87, 29|778, 797, 65, 99|377, 427, 85, 100
24 1 189 0.0531914893617 0.522796352584 0 4053 2353 |0, 0, 0, 0|56, 9, 1, 0|996, 460, 72, 58|726, 620, 79, 83|349, 397, 74, 73
25 10 189 0.0577507598784 0.531914893617 0 4564 2623 |0, 0, 0, 0|56, 9, 1, 0|1065, 513, 107, 37|867, 714, 82, 86|380, 493, 65, 89
25 9 189 0.048632218845 0.525835866261 0 4345 2665 |0, 0, 0, 0|56, 5, 1, 0|1092, 443, 94, 27|884, 649, 84, 75|382, 410, 72, 71
25 8 189 0.048632218845 0.536474164134 0 4616 2359 |0, 0, 0, 0|56, 10, 1, 0|992, 723, 92, 43|720, 860, 67, 112|354, 427, 77, 82
25 7 189 0.0516717325228 0.539513677812 0 4325 2461 |0, 0, 0, 0|56, 12, 1, 0|1019, 554, 85, 29|824, 657, 83, 79|332, 437, 61, 96
25 6 189 0.0531914893617 0.518237082067 0 4534 2441 |0, 0, 0, 0|56, 15, 1, 0|978, 572, 89, 57|801, 856, 81, 84|357, 438, 78, 71
25 5 189 0.0501519756839 0.518237082067 0 4460 2682 |0, 0, 0, 0|56, 5, 1, 0|1113, 500, 94, 38|840, 650, 97, 73|404, 435, 77, 77
25 4 189 0.0516717325228 0.530395136778 0 4423 2534 |0, 0, 0, 0|56, 8, 1, 0|1019, 516, 85, 25|816, 753, 85, 64|399, 452, 73, 71
25 3 189 0.0455927051672 0.528875379939 0 4280 2261 |0, 0, 0, 0|56, 12, 1, 0|1019, 538, 85, 58|683, 786, 67, 83|304, 461, 46, 81
25 2 189 0.0516717325228 0.530395136778 0 4467 2390 |0, 0, 0, 0|56, 11, 1, 0|955, 583, 93, 36|783, 807, 83, 71|345, 483, 74, 86
25 1 189 0.048632218845 0.524316109422 0 4417 2416 |0, 0, 0, 0|56, 11, 1, 0|950, 564, 73, 69|831, 743, 77, 98|360, 419, 68, 97
26 10 189 0.0547112462006 0.539513677812 0 4549 2601 |0, 0, 0, 0|56, 7, 1, 0|1065, 604, 102, 33|826, 724, 84, 76|388, 435, 79, 69
26 9 189 0.0547112462006 0.519756838906 0 4753 2531 |0, 0, 0, 0|56, 13, 1, 0|1076, 713, 84, 74|832, 824, 74, 93|347, 432, 61, 73
26 8 189 0.0592705167173 0.518237082067 0 4562 2690 |0, 0, 0, 0|56, 10, 1, 0|1069, 573, 79, 26|888, 716, 101, 70|404, 395, 92, 82
26 7 189 0.048632218845 0.521276595745 0 4400 2259 |0, 0, 0, 0|56, 16, 1, 0|979, 612, 73, 48|681, 841, 70, 74|339, 485, 60, 65
26 6 189 0.0516717325228 0.530395136778 0 4118 2501 |0, 0, 0, 0|56, 11, 1, 0|999, 497, 84, 51|824, 598, 76, 69|388, 336, 73, 55
26 5 189 0.0577507598784 0.525835866261 0 4330 2716 |0, 0, 0, 0|56, 4, 1, 0|1105, 452, 96, 37|853, 575, 99, 71|429, 382, 77, 93
26 4 189 0.0516717325228 0.530395136778 0 4163 2514 |0, 0, 0, 0|56, 6, 1, 0|1064, 426, 97, 17|790, 648, 96, 83|341, 397, 69, 72
26 3 189 0.0516717325228 0.536474164134 0 4056 2588 |0, 0, 0, 0|56, 10, 1, 0|1055, 412, 84, 70|838, 550, 84, 47|381, 339, 89, 40
26 2 189 0.0547112462006 0.521276595745 0 4934 2681 |0, 0, 0, 0|56, 6, 1, 0|1084, 691, 83, 38|887, 885, 89, 87|409, 457, 72, 89
26 1 189 0.0577507598784 0.524316109422 0 5101 2763 |0, 0, 0, 0|56, 10, 1, 0|1108, 696, 92, 38|876, 953, 97, 95|438, 465, 95, 81
27 10 189 0.0531914893617 0.530395136778 0 4649 2437 |0, 0, 0, 0|56, 13, 1, 0|1020, 717, 87, 43|786, 854, 74, 76|351, 428, 62, 81
27 9 189 0.0577507598784 0.533434650456 0 4172 2617 |0, 0, 0, 0|56, 11, 1, 0|1080, 446, 79, 53|865, 571, 82, 71|367, 347, 87, 56
27 8 189 0.0547112462006 0.512158054711 0 4737 2378 |0, 0, 0, 0|56, 10, 1, 0|1028, 665, 78, 41|763, 1003, 71, 87|327, 474, 54, 79
27 7 189 0.0577507598784 0.531914893617 0 4435 2695 |0, 0, 0, 0|56, 13, 1, 0|1080, 603, 105, 64|867, 622, 92, 83|418, 305, 76, 50
27 6 189 0.0547112462006 0.51367781155 0 3985 2762 |0, 0, 0, 0|56, 6, 1, 0|1109, 353, 95, 32|898, 461, 107, 69|405, 245, 91, 57
27 5 189 0.0562310030395 0.524316109422 0 4373 2650 |0, 0, 0, 0|56, 7, 1, 0|1052, 497, 100, 35|890, 664, 95, 65|387, 386, 69, 69
27 4 189 0.0577507598784 0.506079027356 0 4271 2569 |0, 0, 0, 0|56, 10, 1, 0|1060, 551, 81, 28|851, 661, 67, 50|379, 341, 74, 61
27 3 189 0.0592705167173 0.530395136778 0 4033 2839 |0, 0, 0, 0|56, 3, 1, 0|1165, 376, 103, 21|905, 421, 102, 60|420, 265, 87, 48
27 2 189 0.0577507598784 0.518237082067 0 4169 2702 |0, 0, 0, 0|56, 5, 1, 0|1129, 378, 96, 17|875, 610, 81, 57|384, 326, 80, 74
27 1 189 0.0607902735562 0.525835866261 0 4303 2585 |0, 0, 0, 0|56, 14, 1, 0|1075, 574, 91, 78|802, 656, 82, 72|415, 282, 63, 42
28 10 189 0.0623100303951 0.510638297872 0 3794 2734 |0, 0, 0, 0|56, 8, 1, 0|1086, 256, 91, 22|867, 409, 99, 38|450, 271, 84, 56
28 9 189 0.0562310030395 0.531914893617 0 3947 2674 |0, 0, 0, 0|56, 3, 1, 0|1096, 368, 118, 24|881, 456, 79, 45|374, 325, 69, 52
28 8 189 0.0592705167173 0.531914893617 0 4327 2766 |0, 0, 0, 0|56, 8, 1, 0|1130, 441, 105, 33|881, 594, 92, 72|422, 340, 79, 73
28 7 189 0.0516717325228 0.531914893617 0 4463 2331 |0, 0, 0, 0|56, 11, 1, 0|959, 600, 85, 43|765, 761, 88, 96|327, 511, 50, 110
28 6 189 0.0562310030395 0.516717325228 0 4370 2685 |0, 0, 0, 0|56, 8, 1, 0|1058, 496, 95, 26|896, 645, 85, 87|409, 354, 85, 69
28 5 189 0.0592705167173 0.528875379939 0 4046 2649 |0, 0, 0, 0|56, 5, 1, 0|1064, 407, 90, 39|881, 536, 74, 58|403, 297, 80, 55
28 4 189 0.0516717325228 0.531914893617 0 4380 2570 |0, 0, 0, 0|56, 6, 1, 0|1118, 578, 83, 28|791, 674, 96, 63|362, 404, 63, 57
28 3 189 0.0592705167173 0.533434650456 0 4529 2543 |0, 0, 0, 0|56, 16, 1, 0|1065, 605, 87, 56|784, 735, 94, 85|406, 430, 50, 59
28 2 189 0.0577507598784 0.524316109422 0 4028 2530 |0, 0, 0, 0|56, 13, 1, 0|972, 396, 67, 21|904, 542, 86, 70|381, 395, 63, 61
28 1 189 0.0577507598784 0.525835866261 0 4122 2712 |0, 0, 0, 0|56, 4, 1, 0|1106, 396, 104, 31|862, 501, 98, 62|411, 349, 74, 67
29 10 189 0.0516717325228 0.521276595745 0 4158 2628 |0, 0, 0, 0|56, 5, 1, 0|1083, 407, 90, 26|816, 584, 100, 72|402, 362, 80, 74
29 9 189 0.0577507598784 0.533434650456 0 4152 2701 |0, 0, 0, 0|56, 6, 1, 0|1108, 471, 101, 24|846, 519, 90, 75|414, 301, 85, 55
29 8 189 0.0577507598784 0.537993920973 0 4267 2680 |0, 0, 0, 0|56, 4, 1, 0|1105, 385, 93, 31|852, 649, 88, 51|416, 386, 69, 81
29 7 189 0.0531914893617 0.5273556231 0 4263 2523 |0, 0, 0, 0|56, 6, 1, 0|1026, 493, 98, 20|821, 691, 102, 80|351, 379, 68, 71
29 6 189 0.0607902735562 0.54103343465 0 4291 2818 |0, 0, 0, 0|56, 6, 1, 0|1168, 470, 107, 18|889, 529, 79, 71|439, 313, 79, 66
29 5 189 0.0501519756839 0.544072948328 0 4019 2618 |0, 0, 0, 0|56, 5, 1, 0|1068, 393, 100, 22|865, 532, 86, 53|377, 327, 65, 69
29 4 189 0.0577507598784 0.539513677812 0 3991 2444 |0, 0, 0, 0|54, 40, 3, 1|991, 520, 104, 69|763, 450, 96, 57|354, 333, 79, 77
29 3 189 0.0607902735562 0.54103343465 0 4304 2617 |0, 0, 0, 0|56, 8, 1, 0|1023, 587, 98, 36|881, 638, 93, 71|397, 292, 68, 55
29 2 189 0.0607902735562 0.536474164134 0 3922 2683 |0, 0, 0, 0|56, 6, 1, 0|1103, 308, 100, 22|886, 477, 103, 49|366, 325, 68, 52
29 1 189 0.0623100303951 0.531914893617 0 4116 2900 |0, 0, 0, 0|56, 7, 1, 0|1128, 361, 105, 43|973, 432, 86, 55|459, 258, 92, 60
30 10 189 0.0592705167173 0.542553191489 0 4114 2781 |0, 0, 0, 0|56, 7, 1, 0|1108, 278, 78, 36|890, 545, 114, 65|454, 328, 80, 74
30 9 189 0.0607902735562 0.537993920973 0 4052 2701 |0, 0, 0, 0|56, 7, 1, 0|1112, 440, 86, 22|875, 483, 90, 59|396, 284, 85, 56
30 8 189 0.0592705167173 0.528875379939 0 4506 2648 |0, 0, 0, 0|56, 6, 1, 0|1069, 496, 93, 36|884, 768, 93, 65|392, 411, 60, 76
30 7 189 0.0592705167173 0.531914893617 0 3964 2749 |0, 0, 0, 0|56, 6, 1, 0|1131, 339, 87, 29|907, 480, 88, 50|404, 262, 75, 49
30 6 189 0.0562310030395 0.537993920973 0 4399 2555 |0, 0, 0, 0|56, 7, 1, 0|1088, 603, 90, 22|794, 671, 89, 67|376, 397, 61, 77
30 5 189 0.0562310030395 0.54103343465 0 4364 2804 |0, 0, 0, 0|56, 2, 1, 0|1171, 377, 99, 25|902, 627, 97, 63|406, 408, 72, 58
30 4 189 0.0577507598784 0.515197568389 0 4382 2598 |0, 0, 0, 0|56, 9, 1, 0|1087, 566, 95, 39|826, 681, 94, 57|359, 361, 80, 71
30 3 189 0.0547112462006 0.54103343465 0 4480 2606 |0, 0, 0, 0|56, 11, 1, 0|1064, 540, 80, 40|824, 714, 73, 53|430, 436, 78, 80
30 2 189 0.0607902735562 0.534954407295 0 3816 2745 |0, 0, 0, 0|56, 7, 1, 0|1058, 301, 104, 8|966, 413, 89, 61|399, 223, 72, 58
30 1 189 0.0607902735562 0.531914893617 0 4079 2794 |0, 0, 0, 0|56, 5, 1, 0|1112, 367, 84, 15|950, 479, 92, 52|429, 306, 70, 61
31 10 189 0.0592705167173 0.528875379939 0 4024 2817 |0, 0, 0, 0|56, 3, 1, 0|1152, 303, 94, 23|890, 487, 92, 49|457, 271, 75, 71
31 9 189 0.0607902735562 0.530395136778 0 4291 2676 |0, 0, 0, 0|56, 26, 1, 1|1030, 553, 68, 27|936, 560, 97, 72|405, 299, 83, 77
31 8 189 0.0623100303951 0.533434650456 0 4045 2889 |0, 0, 0, 0|56, 3, 1, 0|1145, 257, 93, 20|939, 483, 105, 42|484, 290, 66, 61
31 7 189 0.0592705167173 0.530395136778 0 4443 2715 |0, 0, 0, 0|56, 10, 1, 0|1106, 527, 81, 51|850, 635, 91, 85|444, 357, 86, 63
31 6 189 0.0623100303951 0.534954407295 0 3768 2845 |0, 0, 0, 0|56, 7, 1, 0|1135, 229, 105, 11|936, 361, 100, 39|430, 224, 82, 52
31 5 189 0.0577507598784 0.531914893617 0 4025 2755 |0, 0, 0, 0|56, 6, 1, 0|1083, 323, 94, 44|895, 465, 99, 50|454, 320, 73, 62
31 4 189 0.0607902735562 0.544072948328 0 3827 2914 |0, 0, 0, 0|56, 1, 1, 0|1139, 218, 105, 20|954, 335, 108, 38|470, 254, 81, 47
31 3 189 0.0577507598784 0.539513677812 0 4097 2670 |0, 0, 0, 0|56, 6, 1, 0|1071, 388, 104, 15|865, 566, 99, 56|412, 335, 62, 61
31 2 189 0.0623100303951 0.548632218845 0 3748 2879 |0, 0, 0, 0|56, 2, 1, 0|1161, 222, 102, 16|947, 310, 86, 38|458, 218, 68, 63
31 1 189 0.0623100303951 0.545592705167 0 4270 2894 |0, 0, 0, 0|56, 9, 1, 0|1106, 406, 93, 41|975, 487, 93, 72|477, 297, 93, 64
32 10 189 0.0653495440729 0.530395136778 0 3667 2821 |0, 0, 0, 0|56, 6, 1, 0|1143, 272, 91, 39|910, 265, 94, 43|450, 178, 76, 43
32 9 189 0.0668693009119 0.542553191489 0 3999 3178 |0, 0, 0, 0|56, 2, 1, 0|1245, 196, 108, 11|1016, 304, 120, 43|536, 208, 96, 57
32 8 189 0.063829787234 0.539513677812 0 3901 2904 |0, 0, 0, 0|56, 2, 1, 0|1136, 256, 101, 21|964, 342, 104, 52|473, 256, 69, 68
32 7 189 0.0668693009119 0.539513677812 0 3962 2966 |0, 0, 0, 0|56, 3, 1, 0|1171, 311, 95, 24|981, 378, 103, 50|473, 186, 86, 44
32 6 189 0.0653495440729 0.544072948328 0 3807 2935 |0, 0, 0, 0|56, 1, 1, 0|1178, 197, 116, 12|956, 350, 104, 44|450, 221, 74, 47
32 5 189 0.0668693009119 0.539513677812 0 3895 2972 |0, 0, 0, 0|56, 2, 1, 0|1209, 261, 86, 19|956, 341, 105, 37|464, 205, 95, 58
32 4 189 0.0562310030395 0.528875379939 0 3938 2436 |0, 0, 0, 0|56, 26, 1, 1|931, 428, 69, 29|833, 541, 94, 56|381, 338, 71, 83
32 3 189 0.0607902735562 0.533434650456 0 3971 2893 |0, 0, 0, 0|56, 3, 1, 0|1191, 282, 103, 21|957, 385, 74, 55|428, 282, 83, 50
32 2 189 0.0592705167173 0.525835866261 0 4607 2784 |0, 0, 0, 0|56, 9, 1, 0|1116, 624, 101, 24|914, 657, 100, 78|419, 347, 77, 84
32 1 189 0.0623100303951 0.539513677812 0 3883 2860 |0, 0, 0, 0|56, 4, 1, 0|1184, 239, 110, 13|897, 386, 98, 55|451, 280, 63, 46
33 10 189 0.0607902735562 0.54103343465 0 4033 2736 |0, 0, 0, 0|56, 6, 1, 0|1146, 402, 117, 30|847, 463, 87, 75|418, 260, 64, 61
33 9 189 0.0623100303951 0.548632218845 0 3873 2826 |0, 0, 0, 0|56, 3, 1, 0|1167, 261, 98, 26|868, 385, 88, 57|449, 265, 99, 50
33 8 189 0.063829787234 0.548632218845 0 3663 2664 |0, 0, 0, 0|56, 20, 1, 1|999, 273, 69, 8|935, 377, 86, 48|429, 224, 89, 48
33 7 189 0.0592705167173 0.550151975684 0 3878 2844 |0, 0, 0, 0|56, 3, 1, 0|1167, 260, 84, 22|962, 400, 94, 46|411, 252, 69, 51
33 6 189 0.0623100303951 0.542553191489 0 3794 3112 |0, 0, 0, 0|56, 1, 1, 0|1222, 151, 109, 11|1010, 256, 111, 26|499, 184, 104, 53
33 5 189 0.0623100303951 0.537993920973 0 4361 2829 |0, 0, 0, 0|56, 8, 1, 0|1112, 504, 91, 17|977, 602, 87, 49|429, 284, 76, 68
33 4 189 0.0623100303951 0.530395136778 0 4200 2930 |0, 0, 0, 0|56, 6, 1, 0|1173, 367, 86, 24|936, 487, 105, 46|488, 267, 85, 73
33 3 189 0.063829787234 0.537993920973 0 3759 2880 |0, 0, 0, 0|56, 4, 1, 0|1137, 230, 88, 43|928, 314, 94, 40|477, 202, 99, 46
33 2 189 0.0623100303951 0.548632218845 0 3980 2758 |0, 0, 0, 0|56, 4, 1, 0|1091, 355, 100, 20|894, 450, 81, 73|456, 268, 79, 52
33 1 189 0.0592705167173 0.550151975684 0 4286 2733 |0, 0, 0, 0|56, 11, 1, 0|1120, 498, 93, 26|894, 576, 103, 74|406, 306, 60, 62
34 10 189 0.063829787234 0.547112462006 0 3802 2953 |0, 0, 0, 0|56, 6, 1, 0|1195, 251, 88, 12|991, 292, 111, 37|430, 208, 81, 43
34 9 189 0.063829787234 0.545592705167 0 4248 2787 |0, 0, 0, 0|56, 7, 1, 0|1162, 452, 88, 36|898, 580, 90, 55|398, 289, 94, 42
34 8 189 0.063829787234 0.550151975684 0 4345 2942 |0, 0, 0, 0|56, 9, 1, 0|1167, 369, 89, 56|1004, 517, 96, 70|451, 335, 78, 47
34 7 189 0.0623100303951 0.548632218845 0 4128 2976 |0, 0, 0, 0|56, 2, 1, 0|1200, 274, 115, 23|978, 478, 98, 62|440, 262, 88, 51
34 6 189 0.063829787234 0.545592705167 0 3947 2940 |0, 0, 0, 0|56, 5, 1, 0|1144, 262, 99, 47|974, 374, 108, 52|472, 205, 86, 62
34 5 189 0.0668693009119 0.547112462006 0 3740 3039 |0, 0, 0, 0|56, 4, 1, 0|1182, 213, 108, 26|1014, 231, 93, 32|479, 150, 106, 45
34 4 189 0.063829787234 0.539513677812 0 3636 2896 |0, 0, 0, 0|56, 6, 1, 0|1105, 198, 98, 43|982, 246, 111, 49|455, 156, 88, 42
34 3 189 0.0623100303951 0.551671732523 0 3748 2780 |0, 0, 0, 0|56, 3, 1, 0|1139, 298, 89, 22|925, 310, 95, 56|391, 228, 84, 51
34 2 189 0.0623100303951 0.54103343465 0 3840 2787 |0, 0, 0, 0|56, 3, 1, 0|1173, 308, 85, 14|884, 363, 99, 56|411, 252, 78, 57
34 1 189 0.0623100303951 0.54103343465 0 3974 3010 |0, 0, 0, 0|56, 2, 1, 0|1178, 205, 122, 11|999, 422, 100, 32|479, 248, 75, 44
35 10 189 0.0623100303951 0.551671732523 0 3599 2861 |0, 0, 0, 0|56, 0, 1, 0|1147, 192, 96, 15|948, 262, 91, 28|446, 190, 76, 51
35 9 189 0.0683890577508 0.548632218845 0 3715 3143 |0, 0, 0, 0|56, 1, 1, 0|1318, 122, 107, 15|1015, 206, 87, 30|475, 156, 84, 42
35 8 189 0.0699088145897 0.550151975684 0 3666 3273 |0, 0, 0, 0|56, 0, 1, 0|1297, 98, 112, 10|1058, 121, 126, 19|524, 113, 99, 32
35 7 189 0.0668693009119 0.551671732523 0 3898 3036 |0, 0, 0, 0|56, 1, 1, 0|1210, 181, 111, 11|991, 354, 112, 38|465, 221, 90, 56
35 6 189 0.0668693009119 0.548632218845 0 3845 3057 |0, 0, 0, 0|56, 4, 1, 0|1217, 291, 90, 19|991, 258, 96, 40|501, 145, 105, 31
35 5 189 0.0668693009119 0.553191489362 0 3684 2992 |0, 0, 0, 0|56, 3, 1, 0|1147, 167, 92, 23|1035, 240, 120, 39|458, 188, 83, 32
35 4 189 0.063829787234 0.551671732523 0 4169 3079 |0, 0, 0, 0|56, 4, 1, 0|1223, 374, 103, 20|1013, 398, 122, 48|467, 201, 94, 45
35 3 189 0.0668693009119 0.54103343465 0 3715 3152 |0, 0, 0, 0|56, 1, 1, 0|1220, 147, 99, 19|1074, 199, 118, 32|499, 137, 85, 28
35 2 189 0.0653495440729 0.551671732523 0 3697 2971 |0, 0, 0, 0|56, 3, 1, 0|1151, 193, 111, 16|1013, 279, 110, 35|451, 161, 78, 39
35 1 189 0.0699088145897 0.548632218845 0 3577 3120 |0, 0, 0, 0|56, 0, 1, 0|1232, 100, 101, 7|1022, 155, 95, 20|501, 140, 112, 35
36 10 189 0.0668693009119 0.545592705167 0 3693 3037 |0, 0, 0, 0|56, 2, 1, 0|1227, 176, 96, 8|1011, 229, 114, 28|448, 161, 84, 52
36 9 189 0.0683890577508 0.548632218845 0 3690 3058 |0, 0, 0, 0|56, 2, 1, 0|1244, 178, 103, 13|960, 221, 86, 32|511, 147, 97, 39
36 8 189 0.0699088145897 0.551671732523 0 3647 3186 |0, 0, 0, 0|56, 2, 1, 0|1289, 140, 97, 20|1061, 167, 100, 22|491, 85, 91, 25
36 7 189 0.0653495440729 0.544072948328 0 3626 3056 |0, 0, 0, 0|56, 0, 1, 0|1241, 148, 104, 10|966, 203, 98, 33|505, 143, 85, 33
36 6 189 0.0668693009119 0.551671732523 0 3672 3124 |0, 0, 0, 0|56, 2, 1, 0|1276, 183, 106, 18|1000, 190, 97, 33|509, 90, 79, 32
36 5 189 0.0699088145897 0.551671732523 0 3699 3103 |0, 0, 0, 0|56, 1, 1, 0|1229, 164, 107, 19|1015, 210, 108, 44|494, 117, 93, 41
36 4 189 0.0683890577508 0.553191489362 0 3725 2986 |0, 0, 0, 0|56, 3, 1, 0|1202, 220, 94, 22|930, 265, 125, 26|490, 168, 88, 35
36 3 189 0.0653495440729 0.545592705167 0 3814 2990 |0, 0, 0, 0|56, 2, 1, 0|1200, 196, 96, 13|973, 316, 104, 37|475, 218, 85, 42
36 2 189 0.0653495440729 0.54103343465 0 4000 3053 |0, 0, 0, 0|56, 3, 1, 0|1212, 248, 102, 17|972, 370, 107, 41|519, 218, 84, 50
36 1 189 0.0668693009119 0.551671732523 0 3513 2845 |0, 0, 0, 0|56, 5, 1, 0|1186, 148, 94, 45|887, 244, 82, 33|458, 162, 81, 31
37 10 189 0.0683890577508 0.551671732523 0 3657 3218 |0, 0, 0, 0|56, 0, 1, 0|1270, 89, 113, 11|1055, 145, 95, 23|529, 124, 99, 47
37 9 189 0.0668693009119 0.553191489362 0 3451 3095 |0, 0, 0, 0|56, 0, 1, 0|1238, 88, 115, 10|1036, 121, 101, 21|466, 85, 82, 31
37 8 189 0.0683890577508 0.544072948328 0 3534 3107 |0, 0, 0, 0|56, 1, 1, 0|1196, 98, 109, 12|1044, 159, 99, 20|509, 108, 93, 29
37 7 189 0.0668693009119 0.553191489362 0 3719 3158 |0, 0, 0, 0|56, 0, 1, 0|1199, 142, 113, 11|1085, 198, 102, 19|509, 157, 93, 34
37 6 189 0.0668693009119 0.551671732523 0 3500 3100 |0, 0, 0, 0|56, 1, 1, 0|1207, 93, 96, 10|1035, 143, 109, 18|496, 104, 100, 31
37 5 189 0.0683890577508 0.551671732523 0 3871 3071 |0, 0, 0, 0|56, 4, 1, 0|1203, 270, 100, 20|972, 300, 115, 44|512, 125, 112, 37
37 4 189 0.0714285714286 0.542553191489 0 3654 3210 |0, 0, 0, 0|56, 2, 1, 0|1302, 120, 93, 15|1088, 164, 96, 13|484, 100, 90, 30
37 3 189 0.0699088145897 0.553191489362 0 3584 3197 |0, 0, 0, 0|56, 0, 1, 0|1195, 86, 117, 8|1080, 132, 116, 27|542, 105, 90, 29
37 2 189 0.0653495440729 0.553191489362 0 3831 3096 |0, 0, 0, 0|56, 1, 1, 0|1251, 173, 95, 11|1016, 295, 101, 38|488, 173, 88, 44
37 1 189 0.0683890577508 0.551671732523 0 3782 3078 |0, 0, 0, 0|56, 3, 1, 0|1185, 267, 100, 18|1023, 239, 107, 27|517, 133, 89, 17
38 10 189 0.0699088145897 0.553191489362 0 3573 3160 |0, 0, 0, 0|56, 0, 1, 0|1235, 103, 102, 9|1021, 144, 125, 28|517, 97, 103, 32
38 9 189 0.0683890577508 0.548632218845 0 3521 3086 |0, 0, 0, 0|56, 0, 1, 0|1199, 101, 100, 10|1000, 168, 114, 19|514, 106, 102, 31
38 8 189 0.0699088145897 0.553191489362 0 3537 3223 |0, 0, 0, 0|56, 0, 1, 0|1214, 84, 127, 11|1072, 109, 105, 13|559, 71, 89, 26
38 7 189 0.0714285714286 0.553191489362 0 3619 3308 |0, 0, 0, 0|56, 0, 1, 0|1278, 61, 99, 11|1111, 104, 108, 26|546, 73, 109, 36
38 6 189 0.0699088145897 0.544072948328 0 3623 3205 |0, 0, 0, 0|56, 0, 1, 0|1248, 100, 101, 8|1054, 157, 122, 26|517, 102, 106, 25
38 5 189 0.0668693009119 0.551671732523 0 3504 3124 |0, 0, 0, 0|56, 0, 1, 0|1236, 107, 98, 10|1011, 120, 127, 18|482, 91, 113, 34
38 4 189 0.0699088145897 0.553191489362 0 3876 3209 |0, 0, 0, 0|56, 3, 1, 0|1227, 268, 124, 17|1066, 220, 102, 26|537, 109, 96, 24
38 3 189 0.0699088145897 0.542553191489 0 3760 3264 |0, 0, 0, 0|56, 1, 1, 0|1277, 138, 100, 18|1099, 171, 83, 16|553, 115, 95, 37
38 2 189 0.0699088145897 0.553191489362 0 3618 3192 |0, 0, 0, 0|56, 1, 1, 0|1257, 115, 107, 12|1012, 148, 96, 24|557, 94, 106, 32
38 1 189 0.0683890577508 0.553191489362 0 3749 3109 |0, 0, 0, 0|56, 1, 1, 0|1244, 160, 111, 14|1015, 238, 107, 26|499, 162, 76, 39
39 10 189 0.0699088145897 0.553191489362 0 3524 3116 |0, 0, 0, 0|56, 0, 1, 0|1194, 84, 96, 9|1098, 163, 89, 24|495, 102, 87, 26
39 9 189 0.0699088145897 0.551671732523 0 3568 3182 |0, 0, 0, 0|56, 0, 1, 0|1215, 98, 109, 15|1049, 132, 115, 18|533, 97, 104, 26
39 8 189 0.0699088145897 0.553191489362 0 3595 3216 |0, 0, 0, 0|56, 0, 1, 0|1235, 89, 100, 16|1054, 146, 120, 19|547, 81, 103, 28
39 7 189 0.0699088145897 0.553191489362 0 3543 3220 |0, 0, 0, 0|56, 0, 1, 0|1250, 81, 118, 10|1050, 110, 112, 13|531, 86, 102, 23
39 6 189 0.0699088145897 0.553191489362 0 3534 3164 |0, 0, 0, 0|56, 1, 1, 0|1235, 88, 99, 12|1031, 134, 107, 21|541, 85, 94, 29
39 5 189 0.0699088145897 0.553191489362 0 3508 3133 |0, 0, 0, 0|56, 0, 1, 0|1185, 74, 97, 11|1102, 145, 112, 23|479, 90, 101, 32
39 4 189 0.0699088145897 0.553191489362 0 3545 3145 |0, 0, 0, 0|56, 1, 1, 0|1215, 92, 105, 9|1039, 157, 92, 30|539, 79, 98, 32
39 3 189 0.0699088145897 0.551671732523 0 3696 3149 |0, 0, 0, 0|56, 1, 1, 0|1205, 177, 99, 13|1065, 217, 114, 23|505, 85, 104, 31
39 2 189 0.0699088145897 0.551671732523 0 3538 3162 |0, 0, 0, 0|56, 0, 1, 0|1254, 91, 94, 12|990, 130, 109, 18|553, 99, 105, 26
39 1 189 0.0683890577508 0.553191489362 0 3781 3146 |0, 0, 0, 0|56, 1, 1, 0|1164, 156, 97, 5|1083, 254, 110, 24|543, 154, 92, 41
40 10 189 0.0714285714286 0.553191489362 0 3591 3285 |0, 0, 0, 0|56, 0, 1, 0|1291, 71, 94, 5|1114, 108, 107, 19|532, 78, 90, 25
40 9 189 0.0714285714286 0.553191489362 0 3569 3274 |0, 0, 0, 0|56, 0, 1, 0|1259, 71, 113, 8|1070, 95, 99, 20|557, 74, 119, 27
40 8 189 0.0714285714286 0.553191489362 0 3525 3231 |0, 0, 0, 0|56, 0, 1, 0|1260, 90, 97, 7|1061, 90, 108, 18|534, 58, 114, 31
40 7 189 0.0714285714286 0.553191489362 0 3470 3207 |0, 0, 0, 0|56, 0, 1, 0|1196, 60, 108, 7|1090, 93, 105, 19|558, 62, 93, 22
40 6 189 0.0714285714286 0.553191489362 0 3598 3288 |0, 0, 0, 0|56, 0, 1, 0|1270, 75, 108, 5|1076, 99, 139, 19|531, 89, 107, 23
40 5 189 0.0714285714286 0.553191489362 0 3633 3320 |0, 0, 0, 0|56, 0, 1, 0|1294, 78, 110, 13|1128, 105, 101, 16|549, 67, 81, 34
40 4 189 0.0714285714286 0.553191489362 0 3543 3231 |0, 0, 0, 0|56, 0, 1, 0|1232, 77, 116, 10|1068, 101, 116, 20|541, 75, 101, 29
40 3 189 0.0714285714286 0.553191489362 0 3510 3211 |0, 0, 0, 0|56, 0, 1, 0|1237, 85, 96, 8|1091, 100, 97, 26|543, 61, 90, 19
40 2 189 0.0714285714286 0.553191489362 0 3616 3337 |0, 0, 0, 0|56, 0, 1, 0|1330, 72, 104, 9|1076, 89, 123, 18|544, 60, 103, 31
40 1 189 0.0714285714286 0.551671732523 0 3541 3233 |0, 0, 0, 0|56, 0, 1, 0|1263, 66, 122, 10|1066, 98, 109, 26|518, 83, 98, 25
41 10 189 0.0714285714286 0.553191489362 0 3517 3231 |0, 0, 0, 0|56, 0, 1, 0|1254, 75, 113, 5|1089, 83, 119, 17|503, 82, 96, 24
41 9 189 0.0714285714286 0.553191489362 0 3554 3307 |0, 0, 0, 0|56, 0, 1, 0|1239, 63, 109, 7|1137, 80, 124, 19|541, 55, 100, 23
41 8 189 0.0714285714286 0.553191489362 0 3638 3334 |0, 0, 0, 0|56, 0, 1, 0|1271, 77, 112, 10|1106, 98, 115, 21|548, 74, 125, 24
41 7 189 0.0714285714286 0.553191489362 0 3638 3316 |0, 0, 0, 0|56, 0, 1, 0|1260, 77, 90, 12|1112, 115, 101, 16|569, 77, 127, 25
41 6 189 0.0714285714286 0.553191489362 0 3659 3372 |0, 0, 0, 0|56, 0, 1, 0|1281, 64, 112, 8|1132, 103, 122, 9|557, 78, 111, 25
41 5 189 0.0714285714286 0.553191489362 0 3602 3307 |0, 0, 0, 0|56, 0, 1, 0|1271, 79, 91, 12|1123, 100, 97, 19|567, 60, 101, 25
41 4 189 0.0714285714286 0.553191489362 0 3549 3264 |0, 0, 0, 0|56, 0, 1, 0|1235, 64, 106, 9|1104, 105, 111, 13|552, 68, 99, 26
41 3 189 0.0714285714286 0.553191489362 0 3507 3183 |0, 0, 0, 0|56, 0, 1, 0|1161, 75, 112, 10|1116, 97, 124, 22|515, 94, 98, 26
41 2 189 0.0714285714286 0.553191489362 0 3562 3270 |0, 0, 0, 0|56, 0, 1, 0|1229, 79, 109, 10|1138, 92, 111, 16|533, 65, 93, 30
41 1 189 0.0714285714286 0.553191489362 0 3558 3286 |0, 0, 0, 0|56, 0, 1, 0|1219, 74, 105, 8|1130, 85, 115, 21|554, 60, 106, 24
