Cutoff >1
N1 20000
MaxLen1 12
nHaps NHaps nSp single_nucleotide_pDNCs pDNC_recovered
2 10 11 0.00607902735562 0.229483282675 7 3357 714 |3, 4, 0, 0|105, 167, 2, 1|507, 1617, 16, 27|73, 729, 7, 10|1, 86, 0, 2
2 9 11 0.0243161094225 0.243161094225 5 2976 811 |3, 2, 0, 0|99, 106, 2, 1|603, 1220, 17, 23|81, 718, 5, 11|1, 83, 0, 1
2 8 11 0.0212765957447 0.232522796353 5 2947 762 |3, 2, 0, 0|98, 111, 2, 1|494, 1035, 14, 16|143, 920, 5, 26|3, 72, 0, 2
2 7 11 0.0212765957447 0.224924012158 4 4644 551 |3, 1, 0, 0|105, 86, 2, 0|384, 1919, 13, 656|40, 698, 4, 602|0, 52, 0, 79
2 6 11 0.00607902735562 0.22188449848 9 3289 482 |3, 6, 0, 0|57, 294, 1, 15|348, 1414, 14, 424|58, 407, 0, 114|1, 81, 0, 52
2 5 11 0.0212765957447 0.227963525836 4 3266 740 |3, 1, 0, 0|105, 63, 2, 0|502, 1580, 14, 33|108, 778, 3, 12|3, 59, 0, 0
2 4 11 0.0212765957447 0.22188449848 6 2883 795 |3, 3, 0, 0|105, 58, 2, 0|553, 1121, 19, 15|101, 757, 5, 18|7, 116, 0, 0
2 3 11 0.0243161094225 0.237082066869 4 3295 838 |3, 1, 0, 0|98, 49, 2, 0|589, 1188, 29, 77|109, 834, 8, 152|0, 112, 0, 44
2 2 11 0.00455927051672 0.22188449848 6 4252 533 |3, 3, 0, 0|105, 269, 2, 2|377, 2335, 14, 212|28, 656, 4, 121|0, 89, 0, 32
2 1 11 0.0227963525836 0.234042553191 5 2777 718 |3, 2, 0, 0|105, 59, 2, 0|514, 1033, 16, 26|75, 783, 3, 85|0, 53, 0, 18
3 10 11 0.0258358662614 0.240121580547 4 2776 819 |3, 1, 0, 0|99, 103, 2, 1|546, 1000, 17, 21|136, 708, 5, 13|9, 105, 2, 5
3 9 11 0.0258358662614 0.231003039514 5 2580 702 |3, 2, 0, 0|105, 63, 2, 0|479, 1034, 17, 21|87, 655, 4, 11|5, 92, 0, 0
3 8 11 0.0106382978723 0.23556231003 8 3457 549 |3, 5, 0, 0|105, 169, 2, 1|393, 2116, 17, 46|26, 500, 1, 6|1, 64, 1, 1
3 7 11 0.0258358662614 0.226443768997 5 3035 657 |3, 2, 0, 0|105, 83, 2, 0|451, 1471, 17, 32|71, 705, 3, 20|4, 65, 1, 0
3 6 11 0.0227963525836 0.232522796353 4 3542 796 |3, 1, 0, 0|100, 123, 2, 1|576, 1720, 20, 41|81, 688, 10, 22|3, 141, 1, 9
3 5 11 0.0258358662614 0.227963525836 5 2610 812 |3, 2, 0, 0|105, 51, 2, 0|552, 894, 19, 17|118, 699, 5, 18|7, 115, 1, 2
3 4 11 0.0121580547112 0.234042553191 8 3153 655 |3, 5, 0, 0|105, 152, 2, 1|455, 1605, 13, 31|72, 627, 1, 3|4, 74, 0, 0
3 3 11 0.0288753799392 0.237082066869 4 2283 886 |3, 1, 0, 0|98, 93, 2, 1|655, 782, 19, 13|104, 443, 4, 9|1, 55, 0, 0
3 2 11 0.00911854103343 0.234042553191 7 2780 774 |3, 4, 0, 0|99, 235, 2, 3|546, 1040, 20, 13|95, 575, 6, 15|3, 117, 0, 4
3 1 11 0.0258358662614 0.234042553191 5 3084 788 |3, 2, 0, 0|105, 52, 2, 0|511, 1073, 18, 24|136, 957, 3, 73|9, 96, 1, 19
4 10 11 0.0121580547112 0.238601823708 6 3136 848 |3, 3, 0, 0|105, 177, 2, 2|583, 1319, 18, 25|123, 659, 5, 11|9, 90, 0, 2
4 9 11 0.0273556231003 0.237082066869 4 2690 1015 |3, 1, 0, 0|105, 108, 2, 1|678, 1026, 18, 21|189, 429, 5, 7|14, 82, 1, 0
4 8 11 0.0273556231003 0.243161094225 4 3194 540 |3, 1, 0, 0|99, 143, 2, 2|370, 1426, 23, 119|41, 713, 1, 154|1, 69, 0, 27
4 7 11 0.031914893617 0.234042553191 4 3277 798 |3, 1, 0, 0|105, 76, 2, 0|571, 1638, 18, 43|88, 606, 2, 12|8, 102, 1, 1
4 6 11 0.0258358662614 0.232522796353 4 3286 704 |3, 1, 0, 0|105, 64, 2, 0|521, 1611, 18, 31|52, 779, 3, 18|0, 76, 0, 2
4 5 11 0.0182370820669 0.238601823708 6 3033 752 |3, 3, 0, 0|105, 134, 2, 1|507, 1404, 17, 19|112, 640, 4, 16|2, 64, 0, 0
4 4 11 0.0273556231003 0.246200607903 5 2584 824 |3, 2, 0, 0|98, 110, 2, 1|558, 913, 18, 21|130, 622, 6, 8|9, 80, 0, 3
4 3 11 0.0273556231003 0.243161094225 5 3073 873 |3, 2, 0, 0|98, 111, 2, 1|606, 1189, 19, 27|138, 727, 1, 19|6, 122, 0, 2
4 2 11 0.0288753799392 0.243161094225 4 3020 772 |3, 1, 0, 0|105, 106, 2, 1|547, 1463, 18, 35|81, 551, 5, 13|10, 75, 1, 3
4 1 11 0.0288753799392 0.241641337386 4 3171 923 |3, 1, 0, 0|105, 95, 2, 1|647, 1181, 20, 24|134, 843, 5, 18|7, 85, 0, 0
5 10 11 0.0273556231003 0.237082066869 5 2672 764 |3, 2, 0, 0|105, 62, 2, 0|511, 966, 17, 13|113, 787, 5, 12|8, 62, 0, 4
5 9 11 0.0303951367781 0.234042553191 5 4025 647 |3, 2, 0, 0|105, 69, 2, 0|471, 1513, 14, 769|45, 511, 2, 388|5, 54, 0, 72
5 8 11 0.0121580547112 0.227963525836 7 2641 679 |3, 4, 0, 0|57, 247, 1, 3|428, 941, 17, 11|157, 667, 4, 7|12, 79, 0, 3
5 7 11 0.0288753799392 0.232522796353 5 2928 779 |3, 2, 0, 0|105, 61, 2, 0|542, 1289, 18, 25|98, 697, 3, 14|8, 59, 0, 2
5 6 11 0.031914893617 0.23556231003 4 3576 666 |3, 1, 0, 0|105, 81, 2, 0|472, 1643, 18, 245|60, 754, 2, 95|3, 63, 1, 28
5 5 11 0.0273556231003 0.229483282675 5 3216 661 |3, 2, 0, 0|57, 132, 1, 1|509, 1502, 14, 96|72, 689, 1, 49|4, 73, 0, 11
5 4 11 0.031914893617 0.244680851064 4 3616 845 |3, 1, 0, 0|105, 60, 2, 0|607, 1626, 16, 87|100, 838, 8, 63|4, 85, 0, 11
5 3 11 0.0273556231003 0.241641337386 3 3259 793 |3, 0, 0, 0|101, 127, 2, 1|565, 1689, 19, 45|91, 484, 3, 10|9, 109, 0, 1
5 2 11 0.0334346504559 0.241641337386 4 3736 984 |3, 1, 0, 0|105, 61, 2, 0|705, 1792, 21, 38|133, 723, 6, 16|9, 119, 0, 2
5 1 11 0.0288753799392 0.247720364742 4 2807 951 |3, 1, 0, 0|105, 57, 2, 0|674, 855, 20, 16|135, 800, 5, 13|7, 113, 0, 1
6 10 11 0.031914893617 0.238601823708 6 2344 945 |3, 3, 0, 0|105, 46, 2, 0|589, 706, 21, 12|199, 538, 9, 12|16, 82, 1, 0
6 9 11 0.031914893617 0.250759878419 4 3029 949 |3, 1, 0, 0|105, 102, 2, 1|661, 1171, 21, 22|143, 682, 4, 17|10, 83, 0, 1
6 8 11 0.0303951367781 0.240121580547 4 2811 767 |3, 1, 0, 0|105, 91, 2, 0|550, 1189, 16, 21|83, 673, 4, 15|4, 54, 0, 0
6 7 11 0.031914893617 0.247720364742 4 3182 1143 |3, 1, 0, 0|105, 80, 2, 1|749, 962, 21, 23|230, 803, 8, 20|25, 146, 0, 3
6 6 11 0.0349544072948 0.250759878419 4 2829 1070 |3, 1, 0, 0|105, 47, 2, 0|675, 1012, 16, 21|252, 619, 5, 6|11, 52, 1, 1
6 5 11 0.0303951367781 0.241641337386 5 2707 1052 |3, 2, 0, 0|105, 46, 2, 0|650, 965, 19, 19|247, 538, 14, 8|12, 75, 0, 2
6 4 11 0.0303951367781 0.240121580547 5 3896 611 |3, 2, 0, 0|105, 124, 2, 2|420, 1449, 17, 955|60, 438, 2, 189|2, 53, 0, 73
6 3 11 0.031914893617 0.249240121581 3 2892 1043 |3, 0, 0, 0|105, 42, 2, 0|627, 833, 14, 11|269, 835, 5, 22|18, 102, 0, 4
6 2 11 0.031914893617 0.23556231003 6 2939 787 |3, 3, 0, 0|105, 52, 2, 0|567, 1394, 18, 29|83, 585, 4, 9|5, 79, 0, 1
6 1 11 0.0288753799392 0.252279635258 5 3863 737 |3, 2, 0, 0|105, 74, 2, 0|531, 1923, 16, 91|75, 839, 2, 68|3, 116, 0, 13
7 10 11 0.0379939209726 0.253799392097 4 2661 912 |3, 1, 0, 0|105, 43, 2, 0|610, 952, 20, 16|154, 634, 5, 10|12, 87, 1, 6
7 9 11 0.0349544072948 0.247720364742 4 3696 647 |3, 1, 0, 0|105, 69, 2, 0|443, 1442, 15, 926|69, 401, 2, 119|8, 57, 0, 34
7 8 11 0.0349544072948 0.252279635258 4 2713 908 |3, 1, 0, 0|105, 102, 2, 1|627, 970, 19, 25|132, 555, 7, 57|13, 82, 0, 12
7 7 11 0.0288753799392 0.250759878419 4 3987 857 |3, 1, 0, 0|105, 70, 2, 0|647, 2127, 21, 102|75, 670, 2, 66|2, 75, 0, 19
7 6 11 0.0334346504559 0.255319148936 5 2602 1084 |3, 2, 0, 0|105, 97, 2, 1|688, 761, 20, 11|244, 563, 7, 9|15, 72, 0, 2
7 5 11 0.0364741641337 0.244680851064 3 2352 971 |3, 0, 0, 0|105, 97, 2, 1|665, 733, 19, 27|148, 389, 7, 69|22, 43, 0, 22
7 4 11 0.0334346504559 0.250759878419 5 2616 974 |3, 2, 0, 0|105, 53, 2, 0|623, 972, 20, 20|196, 522, 7, 11|17, 62, 1, 0
7 3 11 0.0364741641337 0.250759878419 4 3137 989 |3, 1, 0, 0|105, 48, 2, 0|705, 1378, 21, 33|134, 610, 8, 12|11, 64, 0, 2
7 2 11 0.0334346504559 0.246200607903 4 2900 926 |3, 1, 0, 0|105, 45, 2, 0|653, 1216, 18, 29|135, 584, 2, 16|7, 80, 1, 3
7 1 11 0.0288753799392 0.238601823708 4 3402 900 |3, 1, 0, 0|105, 66, 2, 0|646, 1411, 19, 30|117, 876, 3, 28|5, 88, 0, 2
8 10 11 0.0395136778116 0.246200607903 4 3333 1045 |3, 1, 0, 0|105, 62, 2, 0|770, 1478, 27, 82|120, 526, 2, 53|16, 71, 0, 15
8 9 11 0.0379939209726 0.258358662614 5 2873 1188 |3, 2, 0, 0|105, 47, 2, 0|856, 990, 27, 21|178, 537, 5, 17|12, 70, 0, 1
8 8 11 0.0197568389058 0.241641337386 6 5269 874 |3, 3, 0, 0|105, 122, 2, 1|678, 2429, 19, 480|60, 833, 2, 348|5, 93, 0, 86
8 7 11 0.0364741641337 0.249240121581 3 2600 932 |3, 0, 0, 0|105, 104, 2, 1|670, 862, 27, 10|117, 593, 3, 10|5, 85, 0, 3
8 6 11 0.0334346504559 0.252279635258 3 3248 1268 |3, 0, 0, 0|105, 45, 2, 0|904, 1181, 29, 19|207, 647, 12, 17|6, 71, 0, 0
8 5 11 0.0379939209726 0.252279635258 4 4073 1011 |3, 1, 0, 0|105, 57, 2, 0|804, 1992, 22, 171|72, 646, 1, 117|2, 53, 0, 25
8 4 11 0.0364741641337 0.246200607903 3 3180 1122 |3, 0, 0, 0|105, 49, 2, 0|821, 1238, 22, 23|152, 644, 5, 17|10, 80, 2, 7
8 3 11 0.0349544072948 0.246200607903 3 3760 897 |3, 0, 0, 0|105, 60, 2, 0|684, 1813, 26, 258|56, 544, 2, 51|18, 98, 1, 39
8 2 11 0.0364741641337 0.247720364742 4 2841 1025 |3, 1, 0, 0|105, 41, 2, 0|778, 903, 24, 62|106, 607, 1, 118|6, 59, 0, 25
8 1 11 0.0395136778116 0.249240121581 3 3164 1213 |3, 0, 0, 0|105, 39, 2, 0|858, 1024, 28, 13|201, 762, 7, 21|9, 88, 0, 4
9 10 11 0.0425531914894 0.259878419453 4 2750 1191 |3, 1, 0, 0|105, 36, 2, 0|852, 780, 28, 109|182, 481, 5, 82|14, 66, 0, 4
9 9 11 0.0349544072948 0.241641337386 3 2703 1038 |3, 0, 0, 0|105, 73, 2, 0|704, 827, 21, 7|194, 672, 6, 8|3, 76, 0, 2
9 8 11 0.0364741641337 0.253799392097 4 3158 1152 |3, 1, 0, 0|105, 49, 2, 0|836, 1270, 26, 26|169, 576, 4, 15|7, 66, 0, 3
9 7 11 0.0455927051672 0.270516717325 5 2338 1309 |3, 2, 0, 0|105, 81, 2, 1|902, 477, 26, 7|244, 393, 8, 11|19, 54, 0, 3
9 6 11 0.0440729483283 0.26443768997 3 2901 1346 |3, 0, 0, 0|105, 40, 2, 0|887, 930, 26, 20|293, 450, 21, 53|8, 51, 1, 11
9 5 11 0.0364741641337 0.252279635258 3 3684 1023 |3, 0, 0, 0|105, 100, 2, 1|786, 1560, 28, 117|89, 703, 6, 72|4, 97, 0, 11
9 4 11 0.0364741641337 0.253799392097 3 3016 1343 |3, 0, 0, 0|105, 34, 2, 0|856, 744, 24, 10|312, 747, 16, 15|24, 122, 1, 1
9 3 11 0.0425531914894 0.255319148936 4 2616 1240 |3, 1, 0, 0|105, 36, 2, 0|875, 823, 24, 20|208, 370, 7, 54|14, 64, 2, 8
9 2 11 0.0349544072948 0.262917933131 3 2721 1196 |3, 0, 0, 0|105, 91, 2, 1|852, 775, 25, 18|193, 518, 5, 8|9, 111, 2, 3
9 1 11 0.0395136778116 0.261398176292 5 2792 923 |3, 2, 0, 0|105, 101, 2, 1|686, 844, 31, 276|83, 432, 7, 131|6, 36, 0, 46
10 10 11 0.0379939209726 0.256838905775 4 2907 1056 |3, 1, 0, 0|105, 41, 2, 0|751, 1060, 23, 23|143, 621, 2, 7|27, 98, 0, 0
10 9 11 0.0349544072948 0.249240121581 5 2755 1004 |3, 2, 0, 0|105, 98, 2, 1|727, 950, 25, 15|130, 595, 6, 9|5, 80, 1, 1
10 8 11 0.0410334346505 0.258358662614 4 2807 1327 |3, 1, 0, 0|105, 27, 2, 0|899, 710, 25, 9|256, 640, 11, 16|26, 74, 0, 3
10 7 11 0.0425531914894 0.255319148936 4 2758 1387 |3, 1, 0, 0|105, 25, 2, 0|938, 518, 24, 9|269, 650, 8, 15|36, 148, 2, 5
10 6 11 0.0410334346505 0.258358662614 4 2992 1188 |3, 1, 0, 0|105, 89, 2, 1|827, 874, 24, 13|211, 686, 6, 15|10, 111, 0, 14
10 5 11 0.0410334346505 0.262917933131 3 3680 1072 |3, 0, 0, 0|105, 92, 2, 1|808, 1400, 24, 206|116, 592, 6, 163|8, 112, 0, 42
10 4 11 0.0212765957447 0.259878419453 6 2931 949 |3, 3, 0, 0|105, 176, 2, 2|659, 1258, 21, 29|143, 454, 2, 7|12, 52, 2, 1
10 3 11 0.0288753799392 0.261398176292 5 3459 982 |3, 2, 0, 0|105, 108, 2, 1|720, 1577, 23, 26|116, 650, 5, 26|8, 79, 0, 8
10 2 11 0.0410334346505 0.255319148936 3 2389 1068 |3, 0, 0, 0|105, 99, 2, 1|742, 798, 24, 18|177, 321, 7, 8|8, 76, 0, 0
10 1 11 0.0410334346505 0.258358662614 4 2656 1215 |3, 1, 0, 0|105, 89, 2, 1|827, 529, 25, 9|217, 733, 6, 12|26, 62, 4, 5
11 10 11 0.0425531914894 0.267477203647 3 3302 1455 |3, 0, 0, 0|105, 38, 2, 0|936, 862, 25, 16|336, 781, 23, 16|23, 127, 2, 7
11 9 11 0.0379939209726 0.259878419453 4 3742 803 |3, 1, 0, 0|105, 52, 2, 0|600, 1422, 18, 874|64, 478, 4, 47|7, 53, 0, 12
11 8 11 0.0440729483283 0.262917933131 4 2593 1388 |3, 1, 0, 0|105, 30, 2, 0|994, 740, 23, 19|236, 364, 7, 7|18, 42, 0, 2
11 7 11 0.0410334346505 0.262917933131 4 2841 1280 |3, 1, 0, 0|105, 36, 2, 0|856, 950, 34, 20|240, 427, 20, 47|19, 72, 1, 8
11 6 11 0.0455927051672 0.258358662614 4 2602 1300 |3, 1, 0, 0|105, 35, 2, 0|876, 760, 25, 12|255, 423, 10, 10|24, 61, 0, 0
11 5 11 0.0303951367781 0.261398176292 5 3015 960 |3, 2, 0, 0|105, 179, 2, 2|701, 1365, 18, 34|121, 411, 6, 12|4, 46, 0, 4
11 4 11 0.0364741641337 0.262917933131 4 2678 1027 |3, 1, 0, 0|105, 99, 2, 1|722, 906, 25, 15|155, 535, 9, 23|6, 63, 0, 8
11 3 11 0.0395136778116 0.259878419453 5 2293 1198 |3, 2, 0, 0|105, 85, 2, 1|789, 502, 24, 11|235, 404, 7, 8|32, 81, 1, 1
11 2 11 0.0471124620061 0.265957446809 3 3139 1156 |3, 0, 0, 0|105, 82, 2, 1|838, 567, 21, 161|168, 525, 8, 525|10, 49, 1, 73
11 1 11 0.0258358662614 0.255319148936 7 3899 612 |3, 4, 0, 0|105, 200, 2, 2|430, 1774, 14, 819|54, 344, 2, 87|2, 33, 0, 24
12 10 11 0.0379939209726 0.255319148936 4 2966 1382 |3, 1, 0, 0|105, 83, 2, 1|884, 726, 24, 15|304, 596, 9, 14|47, 145, 4, 3
12 9 11 0.0440729483283 0.262917933131 3 2884 1173 |3, 0, 0, 0|105, 32, 2, 0|791, 873, 25, 20|193, 594, 9, 15|43, 175, 2, 2
12 8 11 0.0471124620061 0.255319148936 3 2873 1188 |3, 0, 0, 0|105, 37, 2, 0|835, 986, 22, 21|197, 500, 7, 43|17, 81, 0, 17
12 7 11 0.0425531914894 0.255319148936 4 3686 1483 |3, 1, 0, 0|105, 28, 2, 0|899, 1147, 25, 24|394, 825, 12, 26|41, 151, 2, 1
12 6 11 0.0410334346505 0.267477203647 4 2884 958 |3, 1, 0, 0|105, 39, 2, 0|683, 1118, 29, 52|119, 513, 4, 85|13, 106, 0, 12
12 5 11 0.048632218845 0.267477203647 4 2791 1735 |3, 1, 0, 0|105, 22, 2, 0|978, 367, 19, 3|546, 550, 28, 17|50, 95, 4, 1
12 4 11 0.0455927051672 0.265957446809 3 3217 1376 |3, 0, 0, 0|105, 40, 2, 0|905, 1033, 26, 19|291, 617, 11, 12|30, 118, 3, 2
12 3 11 0.0471124620061 0.26443768997 4 3291 1496 |3, 1, 0, 0|105, 30, 2, 0|933, 852, 26, 25|373, 658, 13, 80|41, 135, 0, 14
12 2 11 0.0455927051672 0.256838905775 4 3040 1302 |3, 1, 0, 0|105, 19, 2, 0|874, 975, 23, 13|261, 594, 11, 54|22, 81, 1, 1
12 1 11 0.0440729483283 0.265957446809 3 3270 1399 |3, 0, 0, 0|105, 29, 2, 0|865, 866, 28, 15|317, 781, 23, 23|54, 153, 2, 4
13 10 11 0.0364741641337 0.261398176292 4 2926 1025 |3, 1, 0, 0|105, 84, 2, 1|735, 1025, 19, 27|132, 611, 4, 23|23, 121, 2, 8
13 9 11 0.0455927051672 0.267477203647 4 3148 1423 |3, 1, 0, 0|105, 30, 2, 0|937, 844, 29, 13|296, 719, 9, 18|42, 96, 0, 4
13 8 11 0.0471124620061 0.262917933131 4 2677 1021 |3, 1, 0, 0|105, 46, 2, 0|693, 1077, 26, 24|151, 434, 18, 21|21, 50, 2, 3
13 7 11 0.0440729483283 0.267477203647 4 2905 1376 |3, 1, 0, 0|105, 30, 2, 0|910, 736, 28, 16|279, 588, 20, 24|28, 123, 1, 11
13 6 11 0.0379939209726 0.273556231003 3 3154 1116 |3, 0, 0, 0|105, 34, 2, 0|759, 1149, 23, 21|196, 706, 12, 22|15, 101, 1, 5
13 5 11 0.0425531914894 0.259878419453 3 3465 1216 |3, 0, 0, 0|105, 96, 2, 1|774, 1020, 24, 13|276, 929, 10, 18|22, 169, 0, 3
13 4 11 0.0455927051672 0.267477203647 4 3320 1311 |3, 1, 0, 0|105, 46, 2, 0|852, 1242, 22, 25|275, 600, 7, 25|43, 64, 2, 6
13 3 11 0.048632218845 0.262917933131 4 2699 1355 |3, 1, 0, 0|105, 80, 2, 1|895, 626, 22, 10|294, 524, 9, 45|24, 52, 1, 5
13 2 11 0.0440729483283 0.26443768997 3 3203 1083 |3, 0, 0, 0|105, 50, 2, 0|774, 1367, 23, 32|144, 510, 3, 9|29, 150, 0, 2
13 1 11 0.0440729483283 0.26443768997 3 3018 1288 |3, 0, 0, 0|105, 36, 2, 0|862, 950, 23, 14|258, 633, 6, 22|29, 75, 0, 0
14 10 11 0.0440729483283 0.259878419453 3 2964 1307 |3, 0, 0, 0|105, 34, 2, 0|850, 909, 21, 17|290, 571, 9, 24|25, 101, 2, 1
14 9 11 0.048632218845 0.267477203647 5 3206 1264 |3, 2, 0, 0|105, 39, 2, 0|857, 1254, 25, 22|240, 538, 16, 14|14, 66, 2, 7
14 8 11 0.0440729483283 0.265957446809 4 2710 1004 |3, 1, 0, 0|105, 91, 2, 1|714, 1033, 24, 23|139, 458, 1, 12|15, 85, 1, 2
14 7 11 0.0425531914894 0.261398176292 4 3367 1567 |3, 1, 0, 0|105, 22, 2, 0|914, 629, 26, 8|462, 951, 11, 25|41, 161, 3, 3
14 6 11 0.0455927051672 0.255319148936 4 2923 1201 |3, 1, 0, 0|105, 36, 2, 0|778, 1203, 25, 31|237, 375, 8, 9|42, 65, 1, 2
14 5 11 0.0471124620061 0.268996960486 4 2544 1622 |3, 1, 0, 0|105, 27, 2, 0|943, 450, 23, 3|485, 363, 14, 10|46, 59, 1, 9
14 4 11 0.0440729483283 0.265957446809 3 3955 1448 |3, 0, 0, 0|105, 35, 2, 0|891, 1164, 24, 22|379, 1054, 12, 32|32, 195, 0, 5
14 3 11 0.0501519756839 0.268996960486 3 2888 1427 |3, 0, 0, 0|105, 24, 2, 0|853, 560, 25, 12|378, 706, 17, 25|42, 127, 2, 7
14 2 11 0.0455927051672 0.273556231003 3 2768 1058 |3, 0, 0, 0|105, 39, 2, 0|747, 989, 24, 18|158, 527, 3, 44|16, 91, 0, 2
14 1 11 0.0471124620061 0.26443768997 4 3417 1399 |3, 1, 0, 0|105, 30, 2, 0|850, 1131, 24, 29|370, 701, 6, 23|39, 101, 0, 2
15 10 11 0.0410334346505 0.259878419453 4 2720 1443 |3, 1, 0, 0|105, 86, 2, 1|898, 588, 27, 10|362, 456, 11, 10|31, 124, 4, 1
15 9 11 0.0516717325228 0.270516717325 3 3075 1019 |3, 0, 0, 0|105, 50, 2, 0|712, 1473, 21, 41|144, 374, 7, 44|23, 70, 2, 4
15 8 11 0.0531914893617 0.273556231003 4 2850 1627 |3, 1, 0, 0|105, 25, 2, 0|994, 563, 26, 13|427, 464, 17, 44|51, 107, 2, 6
15 7 11 0.0516717325228 0.265957446809 3 3628 1415 |3, 0, 0, 0|105, 36, 2, 0|888, 1145, 23, 25|351, 828, 8, 22|32, 154, 3, 3
15 6 11 0.0471124620061 0.267477203647 4 3277 1549 |3, 1, 0, 0|105, 22, 2, 0|980, 809, 28, 13|388, 722, 11, 26|28, 128, 4, 7
15 5 11 0.0471124620061 0.272036474164 4 2764 1563 |3, 1, 0, 0|105, 64, 2, 1|987, 499, 35, 25|371, 440, 22, 71|36, 82, 2, 18
15 4 11 0.0516717325228 0.265957446809 3 3281 1693 |3, 0, 0, 0|105, 21, 2, 0|1003, 455, 27, 3|495, 901, 25, 15|31, 187, 2, 6
15 3 11 0.0471124620061 0.259878419453 4 2865 1369 |3, 1, 0, 0|105, 37, 2, 0|841, 910, 25, 14|353, 477, 12, 9|25, 48, 3, 0
15 2 11 0.0440729483283 0.267477203647 3 2850 1472 |3, 0, 0, 0|105, 75, 2, 1|929, 622, 29, 7|338, 543, 31, 27|28, 89, 7, 14
15 1 11 0.048632218845 0.259878419453 4 2651 1243 |3, 1, 0, 0|105, 35, 2, 0|824, 736, 24, 16|227, 508, 11, 17|47, 92, 0, 3
16 10 11 0.0516717325228 0.272036474164 3 2790 1210 |3, 0, 0, 0|105, 84, 2, 1|830, 843, 21, 13|220, 541, 9, 12|20, 83, 0, 3
16 9 11 0.0471124620061 0.265957446809 4 3496 1507 |3, 1, 0, 0|105, 35, 2, 0|928, 1161, 27, 31|367, 625, 16, 45|58, 84, 1, 7
16 8 11 0.0455927051672 0.265957446809 3 3109 1348 |3, 0, 0, 0|105, 31, 2, 0|867, 900, 24, 14|321, 636, 6, 37|20, 114, 0, 29
16 7 11 0.0471124620061 0.276595744681 3 3078 1640 |3, 0, 0, 0|105, 26, 2, 0|981, 744, 25, 21|459, 479, 21, 39|43, 128, 1, 1
16 6 11 0.0501519756839 0.26443768997 3 2833 1547 |3, 0, 0, 0|105, 35, 2, 0|929, 826, 25, 18|421, 340, 15, 8|44, 58, 3, 1
16 5 11 0.0531914893617 0.265957446809 3 2686 1472 |3, 0, 0, 0|105, 76, 2, 1|877, 519, 23, 4|411, 533, 12, 15|37, 65, 2, 1
16 4 11 0.0471124620061 0.265957446809 4 3048 1127 |3, 1, 0, 0|105, 36, 2, 0|788, 1298, 25, 31|170, 464, 6, 20|26, 62, 2, 9
16 3 11 0.0410334346505 0.268996960486 3 2687 1172 |3, 0, 0, 0|105, 93, 2, 1|778, 844, 33, 16|202, 472, 22, 17|23, 67, 4, 5
16 2 11 0.0471124620061 0.270516717325 3 3271 1611 |3, 0, 0, 0|105, 33, 2, 0|983, 856, 27, 18|423, 614, 17, 35|50, 98, 1, 6
16 1 11 0.0501519756839 0.265957446809 4 2697 1595 |3, 1, 0, 0|105, 27, 2, 0|899, 495, 30, 6|468, 493, 38, 30|39, 40, 11, 10
17 10 11 0.0501519756839 0.273556231003 3 3275 1304 |3, 0, 0, 0|105, 86, 2, 1|873, 978, 29, 27|255, 675, 4, 60|31, 126, 2, 18
17 9 11 0.0440729483283 0.267477203647 4 2849 1494 |3, 1, 0, 0|105, 22, 2, 0|970, 834, 36, 46|331, 331, 15, 59|32, 52, 0, 10
17 8 11 0.0531914893617 0.27811550152 3 2636 1497 |3, 0, 0, 0|105, 22, 2, 0|921, 574, 23, 7|393, 433, 11, 13|38, 89, 1, 1
17 7 11 0.0531914893617 0.275075987842 3 2648 1305 |3, 0, 0, 0|105, 85, 2, 1|869, 695, 21, 16|267, 395, 13, 36|23, 100, 2, 15
17 6 11 0.0455927051672 0.276595744681 4 2776 1075 |3, 1, 0, 0|105, 30, 2, 0|756, 949, 24, 46|164, 495, 7, 81|12, 77, 2, 22
17 5 11 0.0455927051672 0.267477203647 3 3010 1505 |3, 0, 0, 0|105, 26, 2, 0|976, 679, 25, 11|339, 638, 9, 11|43, 137, 3, 3
17 4 11 0.0516717325228 0.267477203647 3 2912 1577 |3, 0, 0, 0|105, 14, 2, 0|973, 569, 21, 8|432, 614, 14, 15|27, 113, 0, 2
17 3 11 0.0501519756839 0.273556231003 3 2821 1315 |3, 0, 0, 0|105, 38, 2, 0|825, 883, 24, 19|319, 488, 15, 15|20, 61, 2, 2
17 2 11 0.0455927051672 0.276595744681 4 2882 1448 |3, 1, 0, 0|105, 29, 2, 0|868, 886, 33, 22|344, 326, 39, 17|41, 123, 13, 30
17 1 11 0.0531914893617 0.268996960486 3 2887 1917 |3, 0, 0, 0|105, 9, 2, 0|1062, 234, 26, 2|645, 589, 23, 17|49, 117, 2, 2
18 10 11 0.0516717325228 0.27811550152 3 2784 1583 |3, 0, 0, 0|105, 16, 2, 0|994, 499, 36, 39|387, 445, 27, 101|28, 74, 1, 27
18 9 11 0.0562310030395 0.276595744681 3 2621 1313 |3, 0, 0, 0|105, 80, 2, 1|827, 742, 22, 16|306, 377, 7, 29|40, 54, 1, 9
18 8 11 0.0607902735562 0.272036474164 3 3089 1761 |3, 0, 0, 0|105, 13, 2, 0|1048, 507, 26, 5|501, 678, 24, 31|49, 91, 3, 3
18 7 11 0.0562310030395 0.272036474164 4 2971 1912 |3, 1, 0, 0|105, 18, 2, 0|1044, 552, 29, 10|647, 387, 20, 12|58, 72, 4, 7
18 6 11 0.0531914893617 0.284194528875 4 2548 1447 |3, 1, 0, 0|105, 73, 2, 1|912, 545, 34, 12|303, 352, 41, 30|41, 76, 6, 11
18 5 11 0.0547112462006 0.272036474164 3 2479 1563 |3, 0, 0, 0|105, 12, 2, 0|904, 386, 33, 10|428, 374, 29, 16|44, 97, 15, 21
18 4 11 0.0547112462006 0.267477203647 3 3382 1709 |3, 0, 0, 0|105, 18, 2, 0|1008, 652, 25, 8|482, 804, 20, 28|62, 153, 2, 10
18 3 11 0.0577507598784 0.275075987842 3 2476 1684 |3, 0, 0, 0|105, 23, 2, 0|958, 310, 20, 1|534, 382, 19, 17|41, 52, 2, 7
18 2 11 0.0592705167173 0.27811550152 4 2708 1807 |3, 1, 0, 0|105, 17, 2, 0|1047, 357, 24, 4|549, 381, 29, 33|45, 89, 3, 19
18 1 11 0.0531914893617 0.268996960486 3 2555 1602 |3, 0, 0, 0|105, 76, 2, 1|919, 434, 34, 3|447, 378, 39, 26|43, 31, 10, 4
19 10 11 0.0607902735562 0.281155015198 3 2468 1286 |3, 0, 0, 0|105, 35, 2, 0|821, 913, 26, 25|265, 170, 10, 9|47, 30, 7, 0
19 9 11 0.0531914893617 0.27811550152 3 2550 1431 |3, 0, 0, 0|105, 28, 2, 0|947, 712, 22, 11|299, 328, 16, 9|37, 28, 0, 3
19 8 11 0.0592705167173 0.279635258359 3 2191 1757 |3, 0, 0, 0|105, 8, 2, 0|1032, 147, 33, 2|491, 204, 32, 24|54, 38, 5, 11
19 7 11 0.0562310030395 0.273556231003 3 2164 1950 |3, 0, 0, 0|105, 7, 2, 0|1046, 74, 32, 0|645, 90, 51, 4|53, 34, 13, 5
19 6 11 0.0562310030395 0.276595744681 3 2458 1190 |3, 0, 0, 0|105, 34, 2, 0|820, 787, 21, 11|213, 390, 3, 12|21, 29, 2, 5
19 5 11 0.0501519756839 0.285714285714 3 3047 1478 |3, 0, 0, 0|105, 20, 2, 0|945, 670, 27, 12|355, 650, 11, 28|28, 169, 2, 20
19 4 11 0.0531914893617 0.276595744681 3 2420 1110 |3, 0, 0, 0|105, 82, 2, 1|756, 747, 36, 46|166, 267, 6, 102|34, 55, 2, 10
19 3 11 0.0592705167173 0.276595744681 3 2415 1472 |3, 0, 0, 0|105, 27, 2, 0|883, 488, 25, 5|387, 353, 20, 25|43, 38, 4, 7
19 2 11 0.0531914893617 0.279635258359 3 2746 1511 |3, 0, 0, 0|105, 26, 2, 0|934, 803, 23, 20|388, 297, 18, 9|38, 71, 0, 9
19 1 11 0.0592705167173 0.288753799392 3 2339 1207 |3, 0, 0, 0|105, 76, 2, 1|799, 628, 30, 16|224, 337, 18, 23|24, 42, 2, 9
20 10 11 0.0592705167173 0.281155015198 3 2192 1245 |3, 0, 0, 0|105, 30, 2, 0|824, 533, 35, 39|238, 256, 15, 52|23, 30, 0, 7
20 9 11 0.0516717325228 0.282674772036 3 2895 1456 |3, 0, 0, 0|105, 25, 2, 0|940, 869, 22, 18|329, 459, 15, 19|36, 42, 4, 7
20 8 11 0.0531914893617 0.279635258359 4 2631 1658 |3, 1, 0, 0|105, 17, 2, 0|998, 726, 26, 20|456, 136, 20, 15|47, 37, 1, 21
20 7 11 0.0547112462006 0.27811550152 3 2670 1352 |3, 0, 0, 0|105, 25, 2, 0|897, 775, 19, 22|276, 348, 10, 38|38, 86, 2, 24
20 6 11 0.0531914893617 0.27811550152 3 2441 1314 |3, 0, 0, 0|105, 22, 2, 0|794, 504, 26, 6|320, 490, 26, 26|30, 67, 8, 12
20 5 11 0.0516717325228 0.279635258359 3 2441 1377 |3, 0, 0, 0|105, 24, 2, 0|850, 501, 30, 7|327, 434, 25, 27|27, 56, 8, 15
20 4 11 0.0592705167173 0.276595744681 3 2564 1586 |3, 0, 0, 0|105, 16, 2, 0|949, 497, 32, 9|392, 341, 37, 10|57, 95, 9, 10
20 3 11 0.0562310030395 0.281155015198 3 2908 1782 |3, 0, 0, 0|105, 15, 2, 0|1026, 396, 28, 4|523, 554, 27, 22|62, 124, 6, 11
20 2 11 0.0577507598784 0.275075987842 3 2642 1695 |3, 0, 0, 0|105, 18, 2, 0|1035, 469, 28, 11|450, 336, 18, 16|53, 77, 1, 20
20 1 11 0.0562310030395 0.275075987842 4 2637 1646 |3, 1, 0, 0|105, 23, 2, 0|961, 628, 24, 15|476, 224, 22, 25|53, 55, 0, 20
21 10 11 0.0547112462006 0.270516717325 3 2528 1307 |3, 0, 0, 0|105, 24, 2, 0|862, 694, 21, 13|280, 382, 9, 22|25, 66, 0, 20
21 9 11 0.0547112462006 0.27811550152 3 2881 1765 |3, 0, 0, 0|105, 27, 2, 0|979, 618, 21, 16|582, 365, 22, 15|50, 71, 1, 4
21 8 11 0.0562310030395 0.275075987842 3 2882 1800 |3, 0, 0, 0|105, 17, 2, 0|1048, 604, 24, 14|538, 385, 18, 7|59, 52, 3, 3
21 7 11 0.0607902735562 0.281155015198 3 2630 1682 |3, 0, 0, 0|105, 70, 2, 1|1007, 425, 24, 6|467, 357, 17, 20|54, 58, 3, 11
21 6 11 0.0577507598784 0.276595744681 3 2355 1609 |3, 0, 0, 0|105, 19, 2, 0|1015, 387, 29, 8|382, 283, 14, 5|53, 43, 6, 1
21 5 11 0.0623100303951 0.279635258359 3 2385 1785 |3, 0, 0, 0|105, 14, 2, 0|1031, 314, 27, 6|528, 182, 20, 28|66, 40, 3, 16
21 4 11 0.0623100303951 0.281155015198 3 2858 1878 |3, 0, 0, 0|105, 21, 2, 0|1051, 609, 28, 18|602, 264, 17, 14|65, 42, 5, 12
21 3 11 0.0607902735562 0.27811550152 3 2748 1830 |3, 0, 0, 0|105, 14, 2, 0|1029, 388, 33, 5|540, 441, 46, 23|53, 43, 19, 4
21 2 11 0.0592705167173 0.281155015198 3 2594 1474 |3, 0, 0, 0|105, 31, 2, 0|960, 715, 26, 16|324, 290, 12, 19|41, 44, 1, 5
21 1 11 0.0623100303951 0.284194528875 3 2289 1655 |3, 0, 0, 0|105, 17, 2, 0|1016, 321, 32, 33|444, 189, 20, 40|28, 24, 5, 10
22 10 11 0.0547112462006 0.27811550152 3 2583 1313 |3, 0, 0, 0|105, 24, 2, 0|896, 676, 30, 40|248, 350, 6, 89|20, 71, 3, 20
22 9 11 0.063829787234 0.290273556231 3 2429 1558 |3, 0, 0, 0|105, 13, 2, 0|970, 372, 34, 23|389, 335, 20, 34|34, 73, 1, 21
22 8 11 0.0577507598784 0.279635258359 3 2878 1937 |3, 0, 0, 0|105, 10, 2, 0|1067, 282, 27, 3|629, 501, 28, 16|73, 123, 3, 6
22 7 11 0.0577507598784 0.279635258359 3 2590 1891 |3, 0, 0, 0|105, 11, 2, 0|1081, 250, 30, 3|573, 341, 24, 17|70, 65, 3, 12
22 6 11 0.0562310030395 0.284194528875 3 2350 1349 |3, 0, 0, 0|105, 21, 2, 0|842, 542, 29, 8|311, 352, 29, 15|21, 57, 7, 6
22 5 11 0.0547112462006 0.284194528875 3 2763 1446 |3, 0, 0, 0|105, 18, 2, 0|932, 685, 18, 12|341, 489, 13, 32|31, 53, 1, 28
22 4 11 0.0592705167173 0.282674772036 3 2596 1359 |3, 0, 0, 0|105, 16, 2, 0|923, 728, 25, 19|264, 362, 8, 59|26, 40, 3, 13
22 3 11 0.0592705167173 0.284194528875 3 2436 1817 |3, 0, 0, 0|105, 15, 2, 0|1003, 383, 35, 13|552, 167, 45, 5|55, 33, 17, 3
22 2 11 0.0592705167173 0.27811550152 4 2606 2033 |3, 1, 0, 0|105, 9, 2, 0|1120, 174, 29, 0|681, 304, 39, 19|51, 60, 3, 6
22 1 11 0.0592705167173 0.275075987842 3 2625 1298 |3, 0, 0, 0|105, 35, 2, 0|820, 844, 26, 49|299, 294, 11, 60|32, 21, 0, 24
23 10 11 0.063829787234 0.284194528875 3 2372 1843 |3, 0, 0, 0|105, 5, 2, 0|1079, 201, 38, 3|524, 249, 40, 14|41, 39, 11, 18
23 9 11 0.0592705167173 0.284194528875 3 2669 1733 |3, 0, 0, 0|105, 13, 2, 0|1014, 546, 30, 11|497, 282, 32, 11|41, 66, 9, 7
23 8 11 0.0623100303951 0.279635258359 3 2440 1844 |3, 0, 0, 0|105, 8, 2, 0|1072, 240, 38, 5|511, 244, 49, 14|48, 69, 16, 16
23 7 11 0.0607902735562 0.282674772036 3 2557 1691 |3, 0, 0, 0|105, 17, 2, 0|965, 305, 27, 2|515, 431, 21, 13|51, 82, 2, 16
23 6 11 0.0577507598784 0.27811550152 3 2706 1880 |3, 0, 0, 0|105, 13, 2, 0|1023, 466, 28, 12|634, 265, 23, 10|59, 54, 3, 6
23 5 11 0.0623100303951 0.282674772036 3 2642 1913 |3, 0, 0, 0|105, 18, 2, 0|1055, 479, 26, 11|639, 184, 28, 11|54, 25, 1, 1
23 4 11 0.063829787234 0.284194528875 4 2234 1263 |3, 1, 0, 0|105, 21, 2, 0|818, 551, 27, 35|277, 257, 10, 48|21, 27, 0, 31
23 3 11 0.0592705167173 0.279635258359 3 2511 1836 |3, 0, 0, 0|105, 11, 2, 0|1062, 259, 25, 4|536, 285, 29, 17|67, 66, 7, 33
23 2 11 0.0592705167173 0.284194528875 4 2468 1582 |3, 1, 0, 0|105, 14, 2, 0|966, 377, 34, 28|421, 324, 17, 64|32, 53, 2, 25
23 1 11 0.0607902735562 0.287234042553 3 2294 1772 |3, 0, 0, 0|105, 18, 2, 0|1001, 216, 29, 1|510, 230, 40, 24|74, 24, 8, 9
24 10 11 0.0607902735562 0.282674772036 3 2668 1497 |3, 0, 0, 0|105, 25, 2, 0|969, 814, 27, 20|338, 246, 17, 5|33, 51, 3, 10
24 9 11 0.063829787234 0.288753799392 3 2353 1839 |3, 0, 0, 0|105, 15, 2, 0|1003, 408, 36, 12|573, 60, 40, 7|61, 11, 16, 1
24 8 11 0.0607902735562 0.293313069909 3 2223 1610 |3, 0, 0, 0|105, 61, 2, 1|958, 242, 36, 4|419, 234, 38, 14|40, 45, 9, 12
24 7 11 0.0668693009119 0.288753799392 3 2546 1887 |3, 0, 0, 0|105, 17, 2, 0|1019, 426, 25, 10|636, 172, 24, 16|71, 17, 2, 1
24 6 11 0.0623100303951 0.284194528875 3 2138 1522 |3, 0, 0, 0|105, 10, 2, 0|947, 327, 30, 4|370, 248, 27, 5|27, 21, 11, 1
24 5 11 0.0653495440729 0.288753799392 3 2334 1685 |3, 0, 0, 0|105, 15, 2, 0|996, 234, 33, 3|468, 299, 40, 44|29, 40, 9, 14
24 4 11 0.0668693009119 0.281155015198 3 2192 1486 |3, 0, 0, 0|105, 14, 2, 0|922, 349, 29, 5|357, 291, 28, 19|35, 23, 5, 5
24 3 11 0.0607902735562 0.282674772036 4 2905 1503 |3, 1, 0, 0|105, 29, 2, 0|924, 839, 25, 17|384, 437, 14, 18|44, 51, 2, 10
24 2 11 0.063829787234 0.287234042553 3 2378 1548 |3, 0, 0, 0|105, 18, 2, 0|915, 574, 23, 14|408, 184, 35, 16|46, 22, 11, 2
24 1 11 0.063829787234 0.285714285714 3 2139 1920 |3, 0, 0, 0|105, 7, 2, 0|1054, 62, 31, 0|592, 126, 43, 12|73, 11, 17, 1
25 10 11 0.0623100303951 0.284194528875 3 2155 1925 |3, 0, 0, 0|105, 8, 2, 0|1068, 96, 31, 0|634, 105, 22, 6|51, 13, 9, 2
25 9 11 0.0668693009119 0.288753799392 3 2249 1807 |3, 0, 0, 0|105, 10, 2, 0|1028, 162, 35, 2|525, 204, 50, 18|46, 31, 13, 15
25 8 11 0.063829787234 0.281155015198 3 2366 1620 |3, 0, 0, 0|105, 15, 2, 0|965, 332, 22, 4|456, 359, 19, 13|46, 22, 2, 1
25 7 11 0.0683890577508 0.290273556231 3 2242 1329 |3, 0, 0, 0|105, 22, 2, 0|874, 569, 31, 11|256, 260, 17, 34|34, 14, 7, 3
25 6 11 0.0653495440729 0.285714285714 3 2130 1573 |3, 0, 0, 0|105, 12, 2, 0|1002, 289, 37, 9|344, 216, 34, 7|35, 22, 11, 2
25 5 11 0.0653495440729 0.285714285714 3 2116 1599 |3, 0, 0, 0|105, 17, 2, 0|969, 321, 36, 8|375, 134, 37, 26|53, 10, 19, 1
25 4 11 0.0653495440729 0.285714285714 3 2541 2057 |3, 0, 0, 0|105, 3, 2, 0|1103, 115, 28, 2|714, 283, 25, 9|75, 63, 2, 9
25 3 11 0.0623100303951 0.287234042553 3 2430 1500 |3, 0, 0, 0|105, 20, 2, 0|953, 479, 30, 9|311, 318, 42, 14|42, 75, 12, 15
25 2 11 0.0653495440729 0.290273556231 3 2501 1632 |3, 0, 0, 0|105, 13, 2, 0|1019, 414, 24, 10|413, 339, 15, 16|50, 73, 1, 4
25 1 11 0.0623100303951 0.276595744681 3 2242 1442 |3, 0, 0, 0|105, 13, 2, 0|928, 441, 22, 4|331, 291, 11, 12|35, 35, 5, 4
26 10 11 0.0653495440729 0.281155015198 3 2067 1814 |3, 0, 0, 0|105, 9, 2, 0|1033, 127, 39, 1|518, 95, 45, 15|59, 5, 10, 1
26 9 11 0.0699088145897 0.285714285714 3 2117 1795 |3, 0, 0, 0|105, 14, 2, 0|1026, 129, 38, 1|512, 140, 51, 32|48, 5, 10, 1
26 8 11 0.0683890577508 0.282674772036 3 2607 1621 |3, 0, 0, 0|105, 11, 2, 0|985, 422, 23, 7|434, 465, 15, 19|49, 56, 5, 6
26 7 11 0.0577507598784 0.29179331307 3 2199 1731 |3, 0, 0, 0|105, 63, 2, 1|993, 179, 32, 2|484, 163, 35, 9|68, 43, 9, 8
26 6 11 0.0714285714286 0.290273556231 3 2142 1632 |3, 0, 0, 0|105, 7, 2, 0|977, 254, 36, 4|435, 214, 28, 15|36, 14, 10, 2
26 5 11 0.063829787234 0.284194528875 3 2017 1524 |3, 0, 0, 0|105, 13, 2, 0|946, 312, 26, 7|374, 140, 16, 5|50, 13, 2, 3
26 4 11 0.0623100303951 0.284194528875 3 2517 1671 |3, 0, 0, 0|105, 16, 2, 0|1030, 643, 36, 11|391, 139, 41, 13|52, 24, 11, 0
26 3 11 0.0653495440729 0.285714285714 3 1977 1700 |3, 0, 0, 0|105, 11, 2, 0|945, 89, 34, 0|516, 150, 34, 12|45, 11, 16, 4
26 2 11 0.0668693009119 0.288753799392 3 2408 1908 |3, 0, 0, 0|105, 17, 2, 0|1015, 397, 28, 13|643, 63, 23, 2|88, 4, 1, 4
26 1 11 0.0623100303951 0.284194528875 3 2771 1404 |3, 0, 0, 0|105, 23, 2, 0|906, 908, 25, 24|306, 351, 14, 15|41, 45, 2, 1
27 10 11 0.0623100303951 0.282674772036 3 2467 1351 |3, 0, 0, 0|105, 21, 2, 0|874, 827, 30, 22|270, 215, 21, 15|37, 13, 9, 3
27 9 11 0.0699088145897 0.287234042553 3 2224 1527 |3, 0, 0, 0|105, 13, 2, 0|920, 350, 30, 4|377, 289, 37, 24|48, 17, 5, 0
27 8 11 0.0683890577508 0.288753799392 3 2349 1341 |3, 0, 0, 0|105, 24, 2, 0|841, 757, 32, 22|288, 184, 25, 14|35, 6, 10, 1
27 7 11 0.0668693009119 0.29179331307 3 2076 1849 |3, 0, 0, 0|105, 4, 2, 0|1001, 53, 34, 0|592, 144, 43, 3|52, 22, 17, 1
27 6 11 0.0683890577508 0.285714285714 3 2124 2058 |3, 0, 0, 0|105, 7, 2, 0|1079, 34, 23, 0|719, 21, 37, 0|86, 3, 4, 1
27 5 11 0.0668693009119 0.29179331307 3 1961 1738 |3, 0, 0, 0|105, 9, 2, 0|974, 92, 36, 1|494, 106, 39, 9|72, 5, 13, 1
27 4 11 0.0623100303951 0.287234042553 3 2400 1406 |3, 0, 0, 0|105, 20, 2, 0|886, 594, 33, 11|309, 277, 27, 31|29, 50, 12, 11
27 3 11 0.0668693009119 0.288753799392 3 2186 1415 |3, 0, 0, 0|105, 16, 2, 0|912, 459, 35, 6|296, 236, 29, 29|26, 18, 7, 7
27 2 11 0.0668693009119 0.288753799392 3 2259 1809 |3, 0, 0, 0|105, 11, 2, 0|1036, 167, 32, 1|524, 200, 48, 29|50, 41, 9, 1
27 1 11 0.0623100303951 0.287234042553 3 2151 1465 |3, 0, 0, 0|105, 12, 2, 0|929, 390, 29, 3|334, 244, 23, 15|33, 22, 7, 0
28 10 11 0.0683890577508 0.294832826748 3 2045 1525 |3, 0, 0, 0|105, 10, 2, 0|946, 314, 33, 3|362, 162, 28, 20|40, 10, 6, 1
28 9 11 0.0668693009119 0.290273556231 3 2646 1644 |3, 0, 0, 0|105, 21, 2, 0|972, 680, 28, 21|461, 216, 18, 13|53, 40, 2, 11
28 8 11 0.0729483282675 0.288753799392 3 2095 1977 |3, 0, 0, 0|105, 4, 2, 0|1097, 47, 24, 0|645, 58, 25, 3|75, 5, 1, 1
28 7 11 0.0683890577508 0.29179331307 3 2268 1563 |3, 0, 0, 0|105, 10, 2, 0|942, 332, 30, 4|416, 305, 26, 33|28, 19, 11, 2
28 6 11 0.0653495440729 0.29179331307 3 1962 1776 |3, 0, 0, 0|105, 9, 2, 0|1014, 93, 35, 0|523, 70, 34, 7|50, 5, 10, 2
28 5 11 0.0683890577508 0.288753799392 3 2199 2044 |3, 0, 0, 0|105, 8, 2, 0|1069, 56, 29, 0|734, 82, 26, 0|72, 9, 4, 0
28 4 11 0.0683890577508 0.290273556231 3 1965 1867 |3, 0, 0, 0|105, 5, 2, 0|1024, 27, 33, 0|561, 56, 53, 5|69, 4, 17, 1
28 3 11 0.0714285714286 0.296352583587 3 1970 1703 |3, 0, 0, 0|105, 58, 2, 1|948, 78, 31, 0|518, 113, 32, 0|55, 16, 9, 1
28 2 11 0.0683890577508 0.29179331307 3 2333 1560 |3, 0, 0, 0|105, 13, 2, 0|931, 370, 34, 5|410, 327, 32, 31|34, 25, 9, 2
28 1 11 0.0683890577508 0.29179331307 3 2304 1871 |3, 0, 0, 0|105, 10, 2, 0|1059, 369, 33, 12|557, 35, 51, 1|53, 6, 8, 0
29 10 11 0.0699088145897 0.293313069909 3 2014 1863 |3, 0, 0, 0|105, 5, 2, 0|1050, 45, 40, 0|547, 81, 44, 15|58, 3, 14, 2
29 9 11 0.0729483282675 0.29179331307 3 1948 1908 |3, 0, 0, 0|105, 5, 2, 0|1018, 19, 34, 0|614, 13, 59, 0|59, 3, 14, 0
29 8 11 0.0683890577508 0.296352583587 3 1974 1803 |3, 0, 0, 0|105, 6, 2, 0|1050, 80, 35, 0|501, 66, 46, 9|53, 7, 8, 3
29 7 11 0.0699088145897 0.293313069909 3 2111 1947 |3, 0, 0, 0|105, 5, 2, 0|1079, 50, 38, 0|599, 81, 47, 19|60, 7, 14, 2
29 6 11 0.0744680851064 0.29179331307 3 2037 1875 |3, 0, 0, 0|105, 3, 2, 0|1044, 68, 40, 1|552, 78, 54, 2|66, 9, 9, 1
29 5 11 0.0683890577508 0.294832826748 3 2161 1782 |3, 0, 0, 0|105, 16, 2, 0|985, 334, 33, 8|534, 19, 41, 0|62, 1, 17, 1
29 4 11 0.0699088145897 0.296352583587 3 2011 1791 |3, 0, 0, 0|105, 5, 2, 0|1053, 107, 33, 1|508, 83, 31, 3|47, 20, 9, 1
29 3 11 0.0683890577508 0.296352583587 3 2198 1709 |3, 0, 0, 0|105, 16, 2, 0|1008, 426, 35, 11|458, 28, 39, 1|46, 5, 13, 2
29 2 11 0.0729483282675 0.290273556231 4 2188 2186 |3, 1, 0, 0|105, 0, 2, 0|1144, 0, 30, 0|777, 1, 29, 0|88, 0, 8, 0
29 1 11 0.0683890577508 0.297872340426 3 2331 1729 |3, 0, 0, 0|105, 10, 2, 0|972, 234, 32, 3|501, 260, 48, 22|56, 59, 10, 14
30 10 11 0.0729483282675 0.294832826748 3 2040 1683 |3, 0, 0, 0|105, 4, 2, 0|1022, 237, 37, 8|411, 86, 35, 7|56, 13, 12, 2
30 9 11 0.0714285714286 0.294832826748 3 1897 1704 |3, 0, 0, 0|105, 9, 2, 0|993, 87, 35, 0|462, 74, 35, 19|55, 4, 14, 0
30 8 11 0.0668693009119 0.293313069909 3 2217 1657 |3, 0, 0, 0|105, 6, 2, 0|978, 318, 32, 10|429, 168, 34, 7|60, 43, 14, 8
30 7 11 0.0683890577508 0.288753799392 3 2095 1644 |3, 0, 0, 0|105, 6, 2, 0|971, 240, 34, 2|435, 177, 38, 14|45, 12, 11, 0
30 6 11 0.0683890577508 0.29179331307 3 2077 1499 |3, 0, 0, 0|105, 11, 2, 0|938, 300, 30, 4|363, 229, 27, 17|27, 16, 4, 1
30 5 11 0.0729483282675 0.294832826748 3 1999 1810 |3, 0, 0, 0|105, 8, 2, 0|1066, 91, 36, 0|491, 69, 41, 11|53, 8, 13, 2
30 4 11 0.0668693009119 0.296352583587 3 2362 1861 |3, 0, 0, 0|105, 5, 2, 0|1051, 163, 37, 3|566, 245, 38, 12|46, 48, 13, 25
30 3 11 0.0699088145897 0.293313069909 3 2182 1848 |3, 0, 0, 0|105, 4, 2, 0|1101, 119, 36, 2|492, 160, 36, 3|58, 37, 15, 9
30 2 11 0.0683890577508 0.294832826748 3 2126 1722 |3, 0, 0, 0|105, 4, 2, 0|1022, 151, 39, 2|457, 187, 45, 8|43, 35, 6, 17
30 1 11 0.0714285714286 0.293313069909 3 2137 1558 |3, 0, 0, 0|105, 6, 2, 0|977, 284, 36, 4|365, 260, 26, 11|35, 14, 9, 0
31 10 11 0.0714285714286 0.296352583587 3 2079 1650 |3, 0, 0, 0|105, 15, 2, 0|984, 294, 32, 8|414, 88, 43, 18|51, 4, 16, 2
31 9 11 0.0744680851064 0.297872340426 3 2179 1791 |3, 0, 0, 0|105, 4, 2, 0|1037, 141, 36, 2|515, 175, 44, 25|36, 31, 13, 10
31 8 11 0.0714285714286 0.29179331307 3 2117 2023 |3, 0, 0, 0|105, 1, 2, 0|1065, 25, 26, 0|708, 53, 31, 6|77, 9, 6, 0
31 7 11 0.0699088145897 0.294832826748 3 2101 1989 |3, 0, 0, 0|105, 1, 2, 0|1134, 40, 37, 1|576, 56, 42, 2|74, 10, 16, 2
31 6 11 0.0714285714286 0.294832826748 3 2025 1866 |3, 0, 0, 0|105, 4, 2, 0|1055, 57, 33, 0|560, 85, 41, 3|47, 6, 20, 4
31 5 11 0.0744680851064 0.294832826748 3 2073 1860 |3, 0, 0, 0|105, 5, 2, 0|1046, 75, 35, 1|566, 109, 50, 10|44, 10, 9, 3
31 4 11 0.0729483282675 0.293313069909 3 2227 1916 |3, 0, 0, 0|105, 6, 2, 0|1072, 130, 27, 0|624, 148, 23, 8|57, 19, 3, 0
31 3 11 0.0775075987842 0.296352583587 3 1929 1880 |3, 0, 0, 0|105, 2, 2, 0|1064, 34, 36, 0|545, 6, 42, 5|67, 2, 16, 0
31 2 11 0.0729483282675 0.293313069909 3 1971 1840 |3, 0, 0, 0|105, 4, 2, 0|1013, 38, 36, 1|554, 69, 44, 3|63, 15, 20, 1
31 1 11 0.0714285714286 0.294832826748 3 2074 1509 |3, 0, 0, 0|105, 11, 2, 0|893, 284, 32, 4|404, 236, 27, 15|34, 14, 9, 1
32 10 11 0.0714285714286 0.297872340426 3 2302 1878 |3, 0, 0, 0|105, 9, 2, 0|1048, 379, 34, 9|558, 21, 46, 1|63, 4, 19, 1
32 9 11 0.0744680851064 0.294832826748 3 1998 1969 |3, 0, 0, 0|105, 2, 2, 0|1067, 17, 33, 0|620, 10, 51, 0|73, 0, 15, 0
32 8 11 0.0714285714286 0.296352583587 3 2109 1937 |3, 0, 0, 0|105, 2, 2, 0|1091, 46, 35, 0|575, 104, 40, 5|66, 13, 20, 2
32 7 11 0.0714285714286 0.294832826748 3 1951 1897 |3, 0, 0, 0|105, 0, 2, 0|1068, 10, 33, 0|568, 38, 39, 1|67, 4, 12, 1
32 6 11 0.0744680851064 0.299392097264 3 1939 1919 |3, 0, 0, 0|105, 2, 2, 0|1054, 15, 39, 0|592, 3, 44, 0|61, 0, 19, 0
32 5 11 0.0729483282675 0.294832826748 3 1957 1909 |3, 0, 0, 0|105, 3, 2, 0|1032, 9, 36, 0|587, 32, 58, 1|65, 3, 21, 0
32 4 11 0.0714285714286 0.294832826748 3 2020 1955 |3, 0, 0, 0|105, 2, 2, 0|1073, 24, 33, 0|634, 26, 46, 3|46, 7, 13, 3
32 3 11 0.0714285714286 0.294832826748 3 1983 1753 |3, 0, 0, 0|105, 4, 2, 0|1022, 207, 34, 8|475, 11, 36, 0|53, 0, 23, 0
32 2 11 0.0714285714286 0.296352583587 3 1937 1913 |3, 0, 0, 0|105, 2, 2, 0|1084, 15, 34, 0|571, 7, 42, 0|58, 0, 14, 0
32 1 11 0.0744680851064 0.296352583587 3 2057 1787 |3, 0, 0, 0|105, 6, 2, 0|1046, 234, 35, 7|471, 22, 37, 0|75, 1, 13, 0
33 10 11 0.0759878419453 0.297872340426 3 1941 1695 |3, 0, 0, 0|105, 4, 2, 0|1007, 208, 35, 8|450, 24, 29, 0|47, 2, 17, 0
33 9 11 0.0759878419453 0.297872340426 3 1962 1706 |3, 0, 0, 0|105, 4, 2, 0|1020, 219, 34, 8|437, 24, 39, 0|57, 1, 9, 0
33 8 11 0.0744680851064 0.297872340426 3 2017 1935 |3, 0, 0, 0|105, 4, 2, 0|1061, 32, 36, 0|595, 32, 56, 11|64, 3, 13, 0
33 7 11 0.0729483282675 0.296352583587 3 2149 1866 |3, 0, 0, 0|105, 2, 2, 0|1064, 95, 34, 2|542, 130, 47, 12|56, 36, 13, 6
33 6 11 0.0744680851064 0.297872340426 3 1946 1946 |3, 0, 0, 0|105, 0, 2, 0|1091, 0, 39, 0|595, 0, 52, 0|43, 0, 16, 0
33 5 11 0.0744680851064 0.299392097264 3 1981 1702 |3, 0, 0, 0|105, 6, 2, 0|1011, 234, 37, 7|431, 29, 35, 0|59, 3, 19, 0
33 4 11 0.0759878419453 0.296352583587 3 1924 1924 |3, 0, 0, 0|105, 0, 2, 0|1072, 0, 37, 0|580, 0, 42, 0|71, 0, 12, 0
33 3 11 0.0759878419453 0.299392097264 3 2022 1956 |3, 0, 0, 0|105, 2, 2, 0|1092, 21, 37, 0|601, 34, 45, 3|55, 5, 16, 1
33 2 11 0.0775075987842 0.299392097264 3 1992 1992 |3, 0, 0, 0|105, 0, 2, 0|1076, 0, 35, 0|633, 0, 59, 0|63, 0, 16, 0
33 1 11 0.0775075987842 0.293313069909 3 2105 2030 |3, 0, 0, 0|105, 1, 2, 0|1113, 25, 27, 0|674, 44, 33, 0|67, 5, 6, 0
34 10 11 0.0759878419453 0.299392097264 3 2007 2007 |3, 0, 0, 0|105, 0, 2, 0|1096, 0, 38, 0|636, 0, 46, 0|66, 0, 15, 0
34 9 11 0.0775075987842 0.299392097264 3 1969 1969 |3, 0, 0, 0|105, 0, 2, 0|1074, 0, 31, 0|607, 0, 54, 0|71, 0, 22, 0
34 8 11 0.0759878419453 0.296352583587 3 1962 1929 |3, 0, 0, 0|105, 0, 2, 0|1066, 20, 36, 1|596, 11, 39, 0|67, 1, 15, 0
34 7 11 0.0759878419453 0.297872340426 3 1947 1947 |3, 0, 0, 0|105, 0, 2, 0|1082, 0, 31, 0|611, 0, 45, 0|57, 0, 11, 0
34 6 11 0.0744680851064 0.297872340426 3 1996 1968 |3, 0, 0, 0|105, 0, 2, 0|1087, 2, 36, 0|623, 15, 44, 0|53, 11, 15, 0
34 5 11 0.0744680851064 0.299392097264 3 2270 1895 |3, 0, 0, 0|105, 7, 2, 0|1055, 357, 35, 11|579, 0, 40, 0|57, 0, 19, 0
34 4 11 0.0744680851064 0.299392097264 3 1980 1961 |3, 0, 0, 0|105, 2, 2, 0|1069, 15, 36, 0|610, 2, 50, 0|78, 0, 8, 0
34 3 11 0.0759878419453 0.297872340426 3 1955 1914 |3, 0, 0, 0|105, 2, 2, 0|1061, 23, 41, 0|587, 13, 50, 0|47, 2, 18, 1
34 2 11 0.0775075987842 0.299392097264 3 1963 1963 |3, 0, 0, 0|105, 0, 2, 0|1074, 0, 40, 0|615, 0, 48, 0|65, 0, 11, 0
34 1 11 0.0759878419453 0.299392097264 3 1958 1939 |3, 0, 0, 0|105, 0, 2, 0|1074, 4, 32, 0|590, 14, 53, 0|73, 1, 7, 0
35 10 11 0.0775075987842 0.299392097264 3 1976 1976 |3, 0, 0, 0|105, 0, 2, 0|1112, 0, 38, 0|589, 0, 44, 0|63, 0, 20, 0
35 9 11 0.0775075987842 0.299392097264 3 1950 1950 |3, 0, 0, 0|105, 0, 2, 0|1069, 0, 36, 0|623, 0, 43, 0|57, 0, 12, 0
35 8 11 0.0775075987842 0.299392097264 3 1895 1895 |3, 0, 0, 0|105, 0, 2, 0|1085, 0, 30, 0|555, 0, 40, 0|54, 0, 21, 0
35 7 11 0.0775075987842 0.299392097264 3 1960 1960 |3, 0, 0, 0|105, 0, 2, 0|1085, 0, 33, 0|596, 0, 47, 0|77, 0, 12, 0
35 6 11 0.0775075987842 0.299392097264 3 1937 1937 |3, 0, 0, 0|105, 0, 2, 0|1071, 0, 36, 0|607, 0, 50, 0|56, 0, 7, 0
35 5 11 0.0775075987842 0.299392097264 3 1969 1969 |3, 0, 0, 0|105, 0, 2, 0|1068, 0, 34, 0|621, 0, 55, 0|67, 0, 14, 0
35 4 11 0.0775075987842 0.299392097264 3 1981 1981 |3, 0, 0, 0|105, 0, 2, 0|1079, 0, 39, 0|616, 0, 53, 0|62, 0, 22, 0
35 3 11 0.0775075987842 0.299392097264 3 1947 1947 |3, 0, 0, 0|105, 0, 2, 0|1071, 0, 34, 0|612, 0, 51, 0|54, 0, 15, 0
35 2 11 0.0775075987842 0.299392097264 3 1971 1971 |3, 0, 0, 0|105, 0, 2, 0|1073, 0, 36, 0|608, 0, 44, 0|78, 0, 22, 0
35 1 11 0.0775075987842 0.299392097264 3 1930 1930 |3, 0, 0, 0|105, 0, 2, 0|1060, 0, 37, 0|601, 0, 41, 0|73, 0, 8, 0
36 10 11 0.0775075987842 0.299392097264 3 1924 1924 |3, 0, 0, 0|105, 0, 2, 0|1054, 0, 36, 0|592, 0, 52, 0|63, 0, 17, 0
36 9 11 0.0775075987842 0.299392097264 3 1928 1928 |3, 0, 0, 0|105, 0, 2, 0|1077, 0, 33, 0|595, 0, 45, 0|55, 0, 13, 0
36 8 11 0.0775075987842 0.299392097264 3 1975 1975 |3, 0, 0, 0|105, 0, 2, 0|1083, 0, 40, 0|627, 0, 53, 0|54, 0, 8, 0
36 7 11 0.0775075987842 0.299392097264 3 1955 1955 |3, 0, 0, 0|105, 0, 2, 0|1073, 0, 37, 0|604, 0, 47, 0|63, 0, 21, 0
36 6 11 0.0775075987842 0.299392097264 3 1974 1974 |3, 0, 0, 0|105, 0, 2, 0|1098, 0, 34, 0|602, 0, 48, 0|64, 0, 18, 0
36 5 11 0.0775075987842 0.299392097264 3 2004 2004 |3, 0, 0, 0|105, 0, 2, 0|1062, 0, 37, 0|660, 0, 54, 0|70, 0, 11, 0
36 4 11 0.0775075987842 0.299392097264 3 1949 1949 |3, 0, 0, 0|105, 0, 2, 0|1058, 0, 40, 0|626, 0, 44, 0|63, 0, 8, 0
36 3 11 0.0775075987842 0.299392097264 3 1968 1968 |3, 0, 0, 0|105, 0, 2, 0|1065, 0, 31, 0|647, 0, 45, 0|62, 0, 8, 0
36 2 11 0.0775075987842 0.299392097264 3 1981 1981 |3, 0, 0, 0|105, 0, 2, 0|1102, 0, 36, 0|602, 0, 55, 0|70, 0, 6, 0
36 1 11 0.0775075987842 0.299392097264 3 1976 1976 |3, 0, 0, 0|105, 0, 2, 0|1069, 0, 34, 0|641, 0, 44, 0|63, 0, 15, 0
