Cutoff >1
N1 20000
MaxLen1 12
nHaps NHaps nSp single_nucleotide_pDNCs pDNC_recovered
2 10 189 0.016717325228 0.445288753799 0 10026 1081 |0 0 0 0|37 38 0 0|525 2466 35 124|328 3682 38 338|106 2028 12 269
2 9 189 0.0136778115502 0.439209726444 0 8882 1101 |0 0 0 0|37 38 0 0|464 2064 37 101|358 3269 51 309|133 1810 21 190
2 8 189 0.00607902735562 0.457446808511 0 10491 1155 |0 0 0 0|37 42 0 0|532 2726 49 141|341 3870 48 316|125 2009 23 232
2 7 189 0.0136778115502 0.455927051672 0 9856 1200 |0 0 0 0|37 40 0 1|532 2630 45 99|383 3461 50 279|130 1911 23 235
2 6 189 0.0136778115502 0.460486322188 0 9245 1180 |0 0 0 0|37 29 0 0|493 2397 48 122|398 3283 55 291|134 1696 15 247
2 5 189 0.0106382978723 0.451367781155 0 9414 1008 |0 0 0 0|37 37 0 0|467 2396 41 137|303 3417 36 320|103 1884 21 215
2 4 189 0.00759878419453 0.452887537994 0 10059 1371 |0 0 0 0|37 42 0 1|561 2342 34 127|485 3590 68 297|162 2066 24 223
2 3 189 0.0182370820669 0.448328267477 0 10461 1281 |0 0 0 0|37 36 0 1|547 2415 44 142|417 3827 63 331|146 2167 27 261
2 2 189 0.00607902735562 0.462006079027 0 9603 1042 |0 0 0 0|37 31 0 0|483 2414 37 103|337 3608 39 284|88 1902 21 219
2 1 189 0.00911854103343 0.451367781155 0 10562 1106 |0 0 0 0|37 43 0 1|491 2842 48 132|331 3917 37 291|145 1994 17 236
3 10 189 0.0151975683891 0.468085106383 0 9885 1177 |0 0 0 0|37 35 0 1|497 2486 45 120|398 3577 47 321|124 1920 29 248
3 9 189 0.00911854103343 0.463525835866 0 9551 1130 |0 0 0 0|37 40 0 0|475 2402 46 119|399 3445 46 283|112 1916 15 216
3 8 189 0.0182370820669 0.448328267477 0 9885 1285 |0 0 0 0|37 39 0 0|544 2374 39 144|452 3491 56 346|135 1970 22 236
3 7 189 0.0182370820669 0.448328267477 0 10374 1413 |0 0 0 0|37 35 0 1|592 2533 46 135|475 3643 69 352|166 2003 28 259
3 6 189 0.0182370820669 0.469604863222 0 8526 954 |0 0 0 0|37 43 0 1|423 2209 32 93|315 3062 38 270|95 1661 14 233
3 5 189 0.0136778115502 0.462006079027 0 9379 1163 |0 0 0 0|37 34 0 0|535 2146 32 120|377 3389 46 284|121 1998 15 245
3 4 189 0.016717325228 0.457446808511 0 9125 996 |0 0 0 0|37 39 0 0|446 2232 40 105|302 3321 46 299|106 1899 19 234
3 3 189 0.0182370820669 0.455927051672 0 9259 1122 |0 0 0 0|37 35 0 0|509 2305 37 133|366 3258 44 286|116 1886 13 234
3 2 189 0.016717325228 0.460486322188 0 8590 1090 |0 0 0 0|37 39 0 0|470 2208 42 97|372 3041 42 248|107 1655 20 212
3 1 189 0.016717325228 0.446808510638 0 9372 1125 |0 0 0 0|37 23 0 0|510 2211 45 110|363 3406 46 282|112 1989 12 226
4 10 189 0.0182370820669 0.457446808511 0 8256 1147 |0 0 0 0|37 28 0 0|519 1984 41 84|363 2976 47 265|115 1557 25 215
4 9 189 0.0273556231003 0.457446808511 0 10384 1809 |0 0 0 0|37 34 0 1|692 2152 58 113|650 3591 77 350|253 2103 42 231
4 8 189 0.0243161094225 0.451367781155 0 8964 1379 |0 0 0 0|37 31 0 0|575 2182 41 124|464 3092 58 295|176 1657 28 204
4 7 189 0.0182370820669 0.448328267477 0 9154 1162 |0 0 0 0|37 43 0 1|490 2261 33 105|413 3321 59 301|110 1741 20 219
4 6 189 0.0197568389058 0.457446808511 0 9081 1163 |0 0 0 0|37 41 0 1|513 2238 31 88|386 3256 61 303|106 1747 29 244
4 5 189 0.0227963525836 0.460486322188 0 9497 1099 |0 0 0 0|37 50 0 2|470 2603 26 128|369 3405 49 303|123 1686 25 221
4 4 189 0.0258358662614 0.451367781155 0 9254 1157 |0 0 0 0|37 32 0 1|496 2281 40 106|373 3348 49 338|138 1756 24 235
4 3 189 0.0182370820669 0.452887537994 0 9344 1032 |0 0 0 0|37 44 0 2|454 2399 46 123|339 3420 38 313|104 1801 14 210
4 2 189 0.0227963525836 0.465045592705 0 9368 1495 |0 0 0 0|37 23 0 1|635 2195 45 99|490 3322 63 276|207 1742 18 215
4 1 189 0.0151975683891 0.466565349544 0 10155 1602 |0 0 0 0|37 26 0 0|684 2307 54 95|527 3438 75 327|195 2115 30 245
5 10 189 0.016717325228 0.452887537994 0 9400 1182 |0 0 0 0|37 36 0 1|551 2441 43 116|360 3334 45 329|127 1716 19 245
5 9 189 0.0273556231003 0.454407294833 0 10317 1763 |0 0 0 0|37 31 0 0|715 2455 65 145|586 3502 82 344|232 1874 46 203
5 8 189 0.0273556231003 0.457446808511 0 9646 1327 |0 0 0 0|37 33 0 0|586 2449 40 138|458 3357 61 312|124 1792 21 238
5 7 189 0.0334346504559 0.484802431611 0 8917 1388 |0 0 0 0|37 33 0 0|609 2187 45 125|440 3032 49 301|184 1651 24 200
5 6 189 0.0182370820669 0.451367781155 0 9976 1382 |0 0 0 0|37 34 0 0|640 2382 49 118|431 3567 60 299|132 1972 33 222
5 5 189 0.0273556231003 0.463525835866 0 8812 1276 |0 0 0 0|37 40 0 1|530 2151 46 106|420 3136 61 249|146 1640 36 213
5 4 189 0.031914893617 0.478723404255 0 9507 1277 |0 0 0 0|37 42 0 1|562 2407 36 106|432 3342 59 321|131 1754 20 257
5 3 189 0.0243161094225 0.465045592705 0 9089 1359 |0 0 0 0|37 27 0 0|631 2249 53 115|425 3124 53 320|140 1682 20 213
5 2 189 0.0273556231003 0.45896656535 0 9900 1441 |0 0 0 0|37 31 0 1|608 2433 45 129|470 3491 76 343|178 1805 27 226
5 1 189 0.0197568389058 0.477203647416 0 9964 1409 |0 0 0 0|37 31 0 0|596 2200 42 131|505 3584 63 325|143 2022 23 262
6 10 189 0.0106382978723 0.463525835866 0 9630 1117 |0 0 0 0|37 46 0 2|464 2488 50 115|374 3452 44 311|134 1890 14 209
6 9 189 0.0303951367781 0.462006079027 0 8476 1314 |0 0 0 0|37 25 0 1|558 2023 45 85|435 3097 60 256|154 1481 25 194
6 8 189 0.0273556231003 0.451367781155 0 9837 1762 |0 0 0 0|37 26 0 0|712 2134 51 96|642 3428 83 319|206 1844 31 228
6 7 189 0.0227963525836 0.469604863222 0 9198 1322 |0 0 0 0|37 33 0 0|530 2263 36 120|486 3208 48 274|164 1762 21 216
6 6 189 0.0303951367781 0.465045592705 0 9647 1761 |0 0 0 0|37 32 0 0|689 2085 54 104|614 3228 80 297|246 1871 41 269
6 5 189 0.0258358662614 0.454407294833 0 9222 1393 |0 0 0 0|37 35 0 1|574 2255 40 97|475 3189 62 288|175 1739 30 225
6 4 189 0.0243161094225 0.465045592705 0 9355 1686 |0 0 0 0|37 33 0 1|669 2018 51 113|579 3125 92 274|222 1877 36 228
6 3 189 0.0243161094225 0.462006079027 0 9523 1475 |0 0 0 0|37 35 0 0|594 2449 43 120|465 3171 76 296|222 1754 38 223
6 2 189 0.0349544072948 0.463525835866 0 9874 1896 |0 0 0 0|37 26 0 0|728 1997 67 103|663 3392 90 303|272 1930 39 227
6 1 189 0.0243161094225 0.466565349544 0 9279 1291 |0 0 0 0|37 24 0 0|560 2448 42 130|413 3160 68 300|135 1715 36 211
7 10 189 0.0395136778116 0.469604863222 0 8896 1777 |0 0 0 0|37 30 0 1|721 1875 48 77|618 2921 72 261|240 1739 41 215
7 9 189 0.0273556231003 0.489361702128 0 8878 1547 |0 0 0 0|37 26 0 0|628 2045 47 96|539 3054 72 291|187 1604 37 215
7 8 189 0.0258358662614 0.457446808511 0 10230 1393 |0 0 0 0|37 40 0 1|559 2581 52 124|480 3607 51 351|187 1903 27 230
7 7 189 0.031914893617 0.462006079027 0 9435 1484 |0 0 0 0|37 35 0 2|590 2295 52 97|527 3275 56 295|191 1730 31 222
7 6 189 0.0288753799392 0.449848024316 0 8582 1551 |0 0 0 0|37 37 0 1|587 2074 43 109|548 2830 75 251|226 1532 35 197
7 5 189 0.0288753799392 0.492401215805 0 9039 1631 |0 0 0 0|37 32 0 0|693 1969 40 121|562 3075 68 300|196 1686 35 225
7 4 189 0.0303951367781 0.460486322188 0 8686 1817 |0 0 0 0|37 30 0 0|728 1876 52 97|631 2852 85 254|259 1569 25 191
7 3 189 0.0227963525836 0.465045592705 0 8695 1243 |0 0 0 0|37 43 0 1|530 2280 41 97|412 2972 47 316|160 1526 16 217
7 2 189 0.0395136778116 0.469604863222 0 8849 1448 |0 0 0 0|37 41 0 1|607 2091 37 102|496 3050 77 352|162 1547 32 217
7 1 189 0.031914893617 0.445288753799 0 9284 1604 |0 0 0 0|37 22 0 0|669 2105 54 110|518 3198 77 293|219 1729 30 223
8 10 189 0.0334346504559 0.460486322188 0 8934 1478 |0 0 0 0|37 33 0 1|597 2190 36 105|525 3072 62 299|196 1543 25 213
8 9 189 0.031914893617 0.469604863222 0 9470 2123 |0 0 0 0|37 21 0 0|845 1790 64 91|723 3115 128 299|283 1828 43 203
8 8 189 0.031914893617 0.489361702128 0 8970 2019 |0 0 0 0|37 22 0 0|745 1847 58 95|746 2848 89 278|298 1666 46 195
8 7 189 0.0243161094225 0.492401215805 0 9404 1416 |0 0 0 0|37 32 0 0|589 2334 52 131|465 3264 57 334|192 1689 24 204
8 6 189 0.031914893617 0.454407294833 0 8270 1427 |0 0 0 0|37 40 0 1|588 2127 41 110|490 2767 56 266|187 1344 28 188
8 5 189 0.0349544072948 0.457446808511 0 9192 1651 |0 0 0 0|37 31 0 0|688 2110 61 88|522 3156 70 298|238 1628 35 230
8 4 189 0.031914893617 0.477203647416 0 8237 1445 |0 0 0 0|37 23 0 0|585 1930 50 89|502 2834 56 272|189 1455 26 189
8 3 189 0.0349544072948 0.460486322188 0 8614 1563 |0 0 0 0|37 21 0 0|640 1876 56 89|533 2975 75 273|186 1604 36 213
8 2 189 0.0410334346505 0.457446808511 0 9362 1616 |0 0 0 0|37 31 0 1|616 2018 49 102|582 3230 82 289|215 1847 35 228
8 1 189 0.0395136778116 0.487841945289 0 7749 1674 |0 0 0 0|37 27 0 0|673 1672 46 98|611 2524 60 245|214 1326 33 183
9 10 189 0.0455927051672 0.4726443769 0 7974 1797 |0 0 0 0|37 20 0 0|748 1826 66 92|591 2479 88 245|231 1341 36 174
9 9 189 0.0349544072948 0.469604863222 0 9002 2125 |0 0 0 0|37 20 0 0|836 1848 55 96|764 2809 94 311|284 1586 55 207
9 8 189 0.0303951367781 0.469604863222 0 8738 1415 |0 0 0 0|37 35 0 1|569 2273 45 97|492 2958 55 252|183 1508 34 199
9 7 189 0.0349544072948 0.455927051672 0 9206 1600 |0 0 0 0|37 37 0 0|608 2166 57 107|596 3152 68 259|215 1671 19 214
9 6 189 0.0349544072948 0.463525835866 0 8329 1475 |0 0 0 0|37 31 0 0|622 2009 59 112|488 2849 61 285|183 1400 25 168
9 5 189 0.0334346504559 0.469604863222 0 7749 1393 |0 0 0 0|37 21 0 0|594 1626 44 71|463 2754 61 244|156 1433 38 207
9 4 189 0.0349544072948 0.496960486322 0 8644 1716 |0 0 0 0|37 32 0 1|670 1892 40 115|625 2829 68 292|244 1563 32 204
9 3 189 0.0349544072948 0.462006079027 0 8796 1719 |0 0 0 0|37 24 0 0|683 1745 60 108|581 3017 71 304|255 1659 32 220
9 2 189 0.0303951367781 0.487841945289 0 8991 1524 |0 0 0 0|37 27 0 0|597 2048 44 89|527 3146 64 269|233 1658 22 230
9 1 189 0.0395136778116 0.481762917933 0 9430 2140 |0 0 0 0|37 20 0 0|837 1843 61 101|747 3035 95 300|316 1761 47 230
10 10 189 0.0303951367781 0.501519756839 0 9273 1499 |0 0 0 0|37 21 0 0|597 2162 55 122|512 3245 64 292|209 1710 25 222
10 9 189 0.0334346504559 0.468085106383 0 8393 1382 |0 0 0 0|37 23 0 1|584 1934 44 101|455 2935 59 228|176 1590 27 199
10 8 189 0.0471124620061 0.496960486322 0 8066 1896 |0 0 0 0|37 30 0 1|682 1571 52 70|702 2516 84 248|285 1545 54 189
10 7 189 0.031914893617 0.48632218845 0 8357 1654 |0 0 0 0|37 21 0 0|678 1875 54 86|548 2807 81 244|220 1477 36 193
10 6 189 0.0379939209726 0.471124620061 0 8983 2187 |0 0 0 0|37 16 0 0|860 1645 67 89|774 2887 99 280|305 1648 45 231
10 5 189 0.0425531914894 0.454407294833 0 8235 1764 |0 0 0 0|37 35 0 1|666 1866 45 90|633 2650 87 272|265 1370 31 187
10 4 189 0.0395136778116 0.487841945289 0 8197 1644 |0 0 0 0|37 30 0 0|644 1971 60 116|575 2632 64 270|230 1321 34 213
10 3 189 0.0349544072948 0.465045592705 0 8841 2101 |0 0 0 0|37 23 0 0|841 1696 33 86|716 2781 106 235|316 1712 52 207
10 2 189 0.0364741641337 0.468085106383 0 7969 1573 |0 0 0 0|37 28 0 1|620 1818 46 91|555 2600 65 242|212 1427 38 189
10 1 189 0.0334346504559 0.471124620061 0 8508 1564 |0 0 0 0|37 29 0 0|650 1979 53 105|543 2960 87 258|162 1426 32 187
11 10 189 0.0379939209726 0.506079027356 0 9008 1684 |0 0 0 0|37 22 0 0|673 1922 55 110|577 3114 76 298|217 1645 49 213
11 9 189 0.0440729483283 0.471124620061 0 8536 1721 |0 0 0 0|37 31 0 0|630 1860 47 97|612 2727 86 284|277 1610 32 206
11 8 189 0.0440729483283 0.481762917933 0 8216 1936 |0 0 0 0|37 12 0 1|735 1763 65 82|701 2556 83 233|280 1423 35 210
11 7 189 0.0440729483283 0.5 0 7108 1479 |0 0 0 0|37 31 0 1|565 1542 42 52|533 2223 79 215|189 1364 34 201
11 6 189 0.0425531914894 0.471124620061 0 9037 1749 |0 0 0 0|37 29 0 2|666 2024 38 100|636 2961 67 297|264 1658 41 217
11 5 189 0.0349544072948 0.492401215805 0 8176 1495 |0 0 0 0|37 33 0 1|593 2004 54 92|461 2684 80 281|223 1409 47 177
11 4 189 0.0440729483283 0.478723404255 0 8700 2356 |0 0 0 0|37 20 0 0|862 1625 71 77|831 2538 112 277|392 1616 51 191
11 3 189 0.0349544072948 0.4726443769 0 8405 1997 |0 0 0 0|37 24 0 0|807 1618 73 83|667 2640 85 268|290 1609 38 166
11 2 189 0.0288753799392 0.468085106383 0 8458 1527 |0 0 0 0|37 31 0 0|649 2016 40 100|497 2844 50 247|227 1485 27 208
11 1 189 0.0395136778116 0.477203647416 0 8878 2109 |0 0 0 0|37 19 0 0|771 1594 56 81|807 2868 93 262|302 1742 43 203
12 10 189 0.0471124620061 0.481762917933 0 8097 1816 |0 0 0 0|37 21 0 0|712 1708 52 75|627 2590 78 259|272 1425 38 203
12 9 189 0.0531914893617 0.489361702128 0 7307 1906 |0 0 0 0|37 23 0 1|753 1522 47 86|669 2225 85 193|271 1197 44 154
12 8 189 0.0531914893617 0.45896656535 0 7472 1971 |0 0 0 0|37 19 0 1|742 1495 57 86|691 2221 90 226|323 1254 31 199
12 7 189 0.0425531914894 0.493920972644 0 9221 1679 |0 0 0 0|37 25 0 0|687 2123 48 123|590 3118 78 277|199 1660 40 216
12 6 189 0.0562310030395 0.469604863222 0 7422 2165 |0 0 0 0|37 13 0 0|836 1461 79 82|772 2110 89 226|309 1201 43 164
12 5 189 0.0471124620061 0.484802431611 0 8530 2364 |0 0 0 0|37 17 0 0|894 1693 64 89|834 2654 115 201|352 1346 68 166
12 4 189 0.0379939209726 0.481762917933 0 8013 1600 |0 0 0 0|37 25 0 0|703 1839 45 98|518 2656 65 262|201 1357 31 176
12 3 189 0.0334346504559 0.498480243161 0 8443 1849 |0 0 0 0|37 32 0 1|654 1721 58 80|672 2717 106 251|270 1591 52 201
12 2 189 0.0410334346505 0.480243161094 0 7996 1830 |0 0 0 0|37 26 0 1|702 1691 47 75|672 2612 71 220|267 1360 34 181
12 1 189 0.0379939209726 0.477203647416 0 8340 1616 |0 0 0 0|37 22 0 0|662 1762 47 81|542 2813 75 251|219 1593 34 202
13 10 189 0.0562310030395 0.493920972644 0 8260 2441 |0 0 0 0|37 15 0 0|853 1543 70 104|908 2328 101 272|399 1344 73 213
13 9 189 0.0349544072948 0.475683890578 0 8210 2053 |0 0 0 0|37 29 0 0|767 1736 55 87|748 2509 93 233|304 1385 49 178
13 8 189 0.0349544072948 0.48632218845 0 8122 1594 |0 0 0 0|37 30 0 1|615 1841 46 78|580 2631 72 235|210 1531 34 181
13 7 189 0.0501519756839 0.477203647416 0 7524 1848 |0 0 0 0|37 28 0 1|697 1699 54 74|688 2277 78 240|253 1201 41 156
13 6 189 0.0516717325228 0.463525835866 0 8066 1749 |0 0 0 0|37 24 0 1|647 1921 56 100|672 2524 71 228|238 1328 28 191
13 5 189 0.0471124620061 0.469604863222 0 7728 1730 |0 0 0 0|37 32 0 1|630 1794 52 105|611 2473 90 227|272 1206 38 160
13 4 189 0.0516717325228 0.483282674772 0 6984 2285 |0 0 0 0|37 19 0 0|837 1284 61 90|844 1861 102 186|348 1103 56 156
13 3 189 0.0531914893617 0.475683890578 0 7605 1826 |0 0 0 0|37 22 0 1|695 1663 57 103|645 2344 86 249|269 1208 37 189
13 2 189 0.0455927051672 0.489361702128 0 7566 1798 |0 0 0 0|37 22 0 0|753 1697 69 90|596 2280 72 244|238 1240 33 195
13 1 189 0.0379939209726 0.466565349544 0 7634 1595 |0 0 0 0|37 32 0 1|623 1816 48 75|573 2513 81 211|200 1235 33 156
14 10 189 0.0562310030395 0.480243161094 0 6954 2068 |0 0 0 0|37 26 0 1|744 1457 61 51|748 1958 95 216|332 1031 51 146
14 9 189 0.0531914893617 0.480243161094 0 7965 2126 |0 0 0 0|37 14 0 0|790 1665 77 94|779 2387 106 250|281 1255 56 174
14 8 189 0.0471124620061 0.483282674772 0 7654 1969 |0 0 0 0|37 22 0 1|730 1587 62 58|702 2302 68 224|324 1332 46 159
14 7 189 0.0562310030395 0.474164133739 0 7475 1839 |0 0 0 0|37 21 0 0|723 1575 59 83|646 2317 82 254|257 1196 35 190
14 6 189 0.0531914893617 0.498480243161 0 7234 1931 |0 0 0 0|37 18 0 0|739 1550 56 92|689 2159 97 224|280 1105 33 155
14 5 189 0.0425531914894 0.487841945289 0 7062 1712 |0 0 0 0|37 21 0 0|656 1458 51 87|618 2208 70 213|238 1182 42 181
14 4 189 0.0547112462006 0.480243161094 0 7483 1950 |0 0 0 0|37 20 0 1|741 1658 49 71|693 2282 96 177|298 1179 36 145
14 3 189 0.048632218845 0.504559270517 0 7514 1805 |0 0 0 0|37 28 0 1|704 1686 45 83|612 2365 78 212|281 1179 48 155
14 2 189 0.0501519756839 0.519756838906 0 7793 1823 |0 0 0 0|37 27 0 0|727 1815 61 102|646 2485 82 236|232 1165 38 140
14 1 189 0.0425531914894 0.503039513678 0 8223 2153 |0 0 0 0|37 29 0 1|751 1588 53 83|801 2518 116 199|344 1483 51 169
15 10 189 0.0471124620061 0.493920972644 0 7944 2787 |0 0 0 0|37 11 0 0|981 1228 79 45|1008 2179 130 177|478 1345 74 172
15 9 189 0.0440729483283 0.48632218845 0 8389 2390 |0 0 0 0|37 13 0 0|885 1473 56 94|881 2503 98 240|371 1487 62 189
15 8 189 0.0516717325228 0.481762917933 0 7893 2541 |0 0 0 0|37 15 0 0|949 1412 69 95|895 2237 118 203|401 1235 72 155
15 7 189 0.0471124620061 0.492401215805 0 8226 1968 |0 0 0 0|37 21 0 0|692 1670 63 68|743 2663 89 234|303 1414 41 188
15 6 189 0.0516717325228 0.490881458967 0 8494 2472 |0 0 0 0|37 16 0 0|869 1587 83 75|897 2537 119 272|398 1327 69 208
15 5 189 0.0440729483283 0.484802431611 0 7286 1816 |0 0 0 0|37 15 0 0|731 1380 60 72|607 2220 85 199|253 1392 43 192
15 4 189 0.0531914893617 0.487841945289 0 7787 2335 |0 0 0 0|37 19 0 1|841 1462 64 71|820 2169 119 231|396 1328 58 171
15 3 189 0.0547112462006 0.478723404255 0 7549 2287 |0 0 0 0|37 18 0 0|850 1279 72 80|844 2299 106 169|327 1250 51 167
15 2 189 0.0516717325228 0.487841945289 0 7865 2570 |0 0 0 0|37 21 0 0|963 1604 67 87|931 2187 121 183|394 1068 57 145
15 1 189 0.048632218845 0.519756838906 0 7648 2258 |0 0 0 0|37 22 0 0|849 1636 76 96|819 2091 98 184|330 1194 49 167
16 10 189 0.048632218845 0.489361702128 0 7634 2469 |0 0 0 0|37 18 0 0|880 1161 72 58|938 2132 97 228|385 1373 60 195
16 9 189 0.0455927051672 0.5 0 7392 1974 |0 0 0 0|37 11 0 0|778 1368 60 67|678 2308 70 211|300 1301 51 152
16 8 189 0.0471124620061 0.495440729483 0 6589 1912 |0 0 0 0|37 20 0 0|708 1382 71 67|693 1881 78 167|278 1056 47 104
16 7 189 0.0501519756839 0.480243161094 0 6866 2005 |0 0 0 0|37 13 0 0|768 1388 46 58|703 1983 87 175|315 1107 49 137
16 6 189 0.0395136778116 0.504559270517 0 7803 2122 |0 0 0 0|37 22 0 0|783 1489 71 72|794 2339 101 213|294 1371 42 175
16 5 189 0.0303951367781 0.504559270517 0 8933 2182 |0 0 0 0|37 21 0 0|829 1808 80 76|746 2823 119 258|318 1561 53 204
16 4 189 0.0653495440729 0.501519756839 0 7174 2365 |0 0 0 0|37 23 0 1|852 1412 63 86|851 1928 90 212|389 1011 83 136
16 3 189 0.0531914893617 0.478723404255 0 7083 2386 |0 0 0 0|37 10 0 0|886 1157 75 54|878 2014 113 199|343 1140 54 123
16 2 189 0.0471124620061 0.48632218845 0 7313 1810 |0 0 0 0|37 22 0 1|701 1337 49 41|655 2328 66 239|258 1358 44 177
16 1 189 0.0531914893617 0.484802431611 0 7583 2652 |0 0 0 0|37 15 0 0|893 1204 81 65|1018 1966 126 207|437 1276 60 198
17 10 189 0.0516717325228 0.496960486322 0 7797 2606 |0 0 0 0|37 17 0 1|887 1272 74 49|967 2060 137 231|433 1410 71 151
17 9 189 0.0531914893617 0.493920972644 0 7830 2388 |0 0 0 0|37 26 0 1|790 1345 53 81|929 2265 105 231|409 1330 65 163
17 8 189 0.0531914893617 0.483282674772 0 7077 2144 |0 0 0 0|37 13 0 0|864 1380 64 82|719 2040 92 199|327 1073 41 146
17 7 189 0.0501519756839 0.4726443769 0 8045 2008 |0 0 0 0|37 15 0 0|817 1555 65 86|667 2538 93 242|288 1376 41 225
17 6 189 0.0592705167173 0.489361702128 0 7033 2179 |0 0 0 0|37 8 0 0|826 1226 73 55|790 2084 101 214|310 1101 42 166
17 5 189 0.0562310030395 0.487841945289 0 7353 2527 |0 0 0 0|37 20 0 1|875 1360 63 78|941 1951 131 186|408 1078 72 152
17 4 189 0.0471124620061 0.478723404255 0 7523 2049 |0 0 0 0|37 28 0 0|755 1687 61 78|767 2246 92 189|302 1103 35 143
17 3 189 0.048632218845 0.48632218845 0 7136 1868 |0 0 0 0|37 25 0 1|663 1358 51 70|685 2182 91 217|295 1275 46 140
17 2 189 0.0471124620061 0.487841945289 0 7618 2482 |0 0 0 0|37 18 0 0|907 1242 71 62|898 2153 102 195|409 1315 58 151
17 1 189 0.0501519756839 0.493920972644 0 6854 2057 |0 0 0 0|37 15 0 0|803 1344 56 54|702 2005 101 156|314 1084 44 139
18 10 189 0.0562310030395 0.496960486322 0 7674 2313 |0 0 0 0|37 15 0 0|794 1407 90 73|849 2233 125 197|368 1271 50 165
18 9 189 0.0577507598784 0.483282674772 0 7164 2462 |0 0 0 0|37 25 0 1|838 1270 63 72|935 1899 122 217|411 1069 56 149
18 8 189 0.0577507598784 0.498480243161 0 7379 2737 |0 0 0 0|37 13 0 0|1014 1077 81 64|967 1979 112 194|447 1155 79 160
18 7 189 0.0410334346505 0.509118541033 0 7605 1797 |0 0 0 0|37 21 0 0|666 1576 53 79|695 2433 79 236|238 1291 29 172
18 6 189 0.0577507598784 0.489361702128 0 7872 2146 |0 0 0 0|37 16 0 0|776 1410 59 70|778 2439 106 236|334 1365 56 190
18 5 189 0.063829787234 0.492401215805 0 7700 2327 |0 0 0 0|37 17 0 0|816 1458 63 92|857 2261 102 226|391 1155 61 164
18 4 189 0.0577507598784 0.480243161094 0 7017 2093 |0 0 0 0|37 16 0 1|763 1197 58 49|775 2104 72 204|352 1179 36 174
18 3 189 0.0592705167173 0.506079027356 0 7175 2453 |0 0 0 0|37 18 0 1|822 1245 74 72|931 1856 118 199|402 1180 69 151
18 2 189 0.0501519756839 0.477203647416 0 7185 2109 |0 0 0 0|37 12 0 0|809 1375 59 70|746 2111 107 173|314 1208 37 127
18 1 189 0.0592705167173 0.481762917933 0 7327 2276 |0 0 0 0|37 20 0 0|817 1185 56 87|833 2137 97 207|373 1223 63 192
19 10 189 0.0516717325228 0.509118541033 0 7626 2177 |0 0 0 0|37 13 0 0|825 1371 57 73|775 2358 96 217|335 1249 52 168
19 9 189 0.0577507598784 0.492401215805 0 7414 2052 |0 0 0 0|37 18 0 0|753 1415 55 66|757 2290 97 186|313 1239 40 148
19 8 189 0.0607902735562 0.490881458967 0 6999 2877 |0 0 0 0|37 14 0 0|992 1074 75 54|1101 1666 126 163|486 1004 60 147
19 7 189 0.0577507598784 0.5 0 7456 2448 |0 0 0 0|37 24 0 0|850 1316 70 67|861 2089 122 180|432 1193 76 139
19 6 189 0.0607902735562 0.516717325228 0 6791 2394 |0 0 0 0|37 15 0 0|853 1275 72 57|884 1932 109 166|376 843 63 109
19 5 189 0.0531914893617 0.503039513678 0 7340 1911 |0 0 0 0|37 19 0 0|700 1528 58 74|683 2246 94 173|293 1230 46 159
19 4 189 0.0531914893617 0.503039513678 0 7583 2486 |0 0 0 0|37 21 0 0|861 1520 75 80|917 2020 111 171|429 1151 56 134
19 3 189 0.0531914893617 0.509118541033 0 7720 1844 |0 0 0 0|37 18 0 0|745 1787 58 91|636 2442 77 202|260 1176 31 160
19 2 189 0.0547112462006 0.496960486322 0 6511 2724 |0 0 0 0|37 11 0 0|965 795 58 42|968 1560 137 156|497 1070 62 153
19 1 189 0.0562310030395 0.496960486322 0 7495 2051 |0 0 0 0|37 14 0 0|781 1586 53 84|706 2290 96 220|322 1101 56 149
20 10 189 0.0531914893617 0.487841945289 0 7701 2058 |0 0 0 0|37 21 0 1|760 1477 55 78|726 2390 96 219|328 1281 56 176
20 9 189 0.0531914893617 0.506079027356 0 7319 2103 |0 0 0 0|37 13 0 0|787 1470 79 71|755 2219 96 199|301 1099 48 145
20 8 189 0.0516717325228 0.518237082067 0 8057 2606 |0 0 0 0|37 17 0 0|938 1567 73 84|922 2198 121 220|442 1217 73 148
20 7 189 0.0562310030395 0.51367781155 0 7202 2110 |0 0 0 0|37 17 0 1|803 1337 53 36|737 2173 98 215|346 1158 36 155
20 6 189 0.0501519756839 0.509118541033 0 7303 1971 |0 0 0 0|37 26 0 0|720 1615 52 81|733 2229 86 147|299 1088 44 146
20 5 189 0.0562310030395 0.512158054711 0 7815 2599 |0 0 0 0|37 26 0 1|861 1401 63 64|943 2121 130 201|491 1257 74 145
20 4 189 0.0562310030395 0.48632218845 0 6142 2674 |0 0 0 0|37 10 0 0|926 947 68 30|981 1453 144 135|455 792 63 101
20 3 189 0.0607902735562 0.510638297872 0 6645 2232 |0 0 0 0|37 19 0 1|744 1195 50 41|821 1796 123 160|376 1068 81 133
20 2 189 0.0562310030395 0.489361702128 0 7671 2152 |0 0 0 0|37 21 0 1|773 1559 51 72|791 2276 115 222|319 1223 66 145
20 1 189 0.0623100303951 0.516717325228 0 8139 3156 |0 0 0 0|37 11 0 0|1066 1080 73 82|1198 2147 144 230|546 1293 92 140
21 10 189 0.0592705167173 0.510638297872 0 6962 2244 |0 0 0 0|37 14 0 0|817 1187 74 56|810 1979 103 195|352 1129 51 158
21 9 189 0.0607902735562 0.489361702128 0 7522 3074 |0 0 0 0|37 10 0 0|1034 995 88 73|1169 1889 152 172|506 1151 88 158
21 8 189 0.0501519756839 0.503039513678 0 7657 2115 |0 0 0 0|37 21 0 0|767 1550 70 84|763 2286 103 247|328 1202 47 152
21 7 189 0.0668693009119 0.512158054711 0 6391 2434 |0 0 0 0|37 13 0 0|833 1063 74 56|906 1621 119 148|407 936 58 120
21 6 189 0.0668693009119 0.510638297872 0 6063 2498 |0 0 0 0|37 19 0 1|848 969 63 40|933 1481 117 130|440 814 60 111
21 5 189 0.0623100303951 0.501519756839 0 6100 2259 |0 0 0 0|37 14 0 0|822 989 69 39|833 1608 91 152|350 913 57 126
21 4 189 0.063829787234 0.506079027356 0 6765 3072 |0 0 0 0|37 14 0 0|1042 939 70 41|1160 1536 137 127|536 912 90 124
21 3 189 0.0653495440729 0.503039513678 0 7514 2609 |0 0 0 0|37 26 0 1|875 1377 71 75|933 2011 112 218|507 1073 74 124
21 2 189 0.0699088145897 0.51367781155 0 7206 3157 |0 0 0 0|37 11 0 0|1070 1070 89 75|1157 1629 138 160|574 970 92 134
21 1 189 0.0440729483283 0.5 0 8537 1885 |0 0 0 0|37 16 0 0|716 1703 71 78|669 2763 88 281|254 1587 50 224
22 10 189 0.063829787234 0.487841945289 0 6955 3146 |0 0 0 0|37 8 0 0|1060 857 76 49|1174 1594 165 166|564 1001 70 134
22 9 189 0.0516717325228 0.496960486322 0 6964 1970 |0 0 0 0|37 18 0 1|762 1326 51 72|710 2068 81 223|281 1148 48 138
22 8 189 0.0607902735562 0.498480243161 0 6612 2389 |0 0 0 0|37 18 0 1|868 1158 60 40|873 1710 114 174|381 981 56 141
22 7 189 0.0562310030395 0.519756838906 0 6845 2026 |0 0 0 0|37 11 0 0|774 1150 64 69|697 2083 100 190|299 1162 55 154
22 6 189 0.0577507598784 0.496960486322 0 6873 2755 |0 0 0 0|37 14 0 1|898 945 70 43|1037 1744 133 163|498 1053 82 155
22 5 189 0.0577507598784 0.518237082067 0 7894 2133 |0 0 0 0|37 17 0 0|800 1573 66 86|790 2490 92 230|303 1204 45 161
22 4 189 0.0607902735562 0.522796352584 0 6898 2605 |0 0 0 0|37 13 0 0|920 1136 54 80|948 1785 116 179|454 988 76 112
22 3 189 0.0683890577508 0.504559270517 0 6810 3084 |0 0 0 0|37 14 0 0|1054 934 77 60|1120 1582 159 184|562 840 75 112
22 2 189 0.0653495440729 0.498480243161 0 7221 2961 |0 0 0 0|37 22 0 1|1004 1202 79 70|1064 1812 144 170|542 886 91 97
22 1 189 0.0562310030395 0.506079027356 0 7546 2338 |0 0 0 0|37 14 0 0|887 1430 70 79|847 2164 104 198|344 1187 49 136
23 10 189 0.0759878419453 0.504559270517 0 6059 2598 |0 0 0 0|37 5 0 0|941 886 80 61|956 1510 99 159|420 733 65 107
23 9 189 0.0607902735562 0.506079027356 0 7222 2923 |0 0 0 0|37 8 0 0|1028 977 71 55|1079 1910 122 169|500 1044 86 136
23 8 189 0.0623100303951 0.51367781155 0 6403 2361 |0 0 0 0|37 5 0 0|845 1008 68 41|860 1739 102 171|393 920 56 158
23 7 189 0.048632218845 0.524316109422 0 7009 2406 |0 0 0 0|37 16 0 0|853 1260 63 44|883 1908 128 160|372 1073 70 142
23 6 189 0.063829787234 0.512158054711 0 6474 2514 |0 0 0 0|37 7 0 0|866 979 65 43|932 1688 136 172|417 949 61 122
23 5 189 0.0668693009119 0.519756838906 0 6269 2520 |0 0 0 0|37 7 0 0|900 935 68 50|936 1562 106 162|415 906 58 127
23 4 189 0.063829787234 0.506079027356 0 6101 2325 |0 0 0 0|37 10 0 0|844 990 59 39|826 1620 125 137|364 861 70 119
23 3 189 0.0653495440729 0.51367781155 0 6829 2506 |0 0 0 0|37 6 0 0|917 1155 72 59|889 1853 117 183|399 929 75 138
23 2 189 0.0683890577508 0.512158054711 0 7101 2601 |0 0 0 0|37 6 0 0|946 1077 74 62|948 1885 118 203|405 1083 73 184
23 1 189 0.0592705167173 0.518237082067 0 6402 2738 |0 0 0 0|37 6 0 0|995 905 70 62|1000 1534 107 154|454 876 75 127
24 10 189 0.0562310030395 0.51367781155 0 6936 2727 |0 0 0 0|37 11 0 0|967 1085 80 57|1008 1776 115 179|447 997 73 104
24 9 189 0.0653495440729 0.5 0 6997 2620 |0 0 0 0|37 6 0 0|935 1073 75 64|924 1905 131 198|442 982 76 149
24 8 189 0.0668693009119 0.496960486322 0 6173 3157 |0 0 0 0|37 7 0 0|1058 629 73 38|1199 1292 146 113|540 837 104 100
24 7 189 0.0714285714286 0.510638297872 0 6098 2926 |0 0 0 0|37 3 0 0|1024 722 93 40|1030 1358 137 153|525 789 80 107
24 6 189 0.0623100303951 0.501519756839 0 7180 2625 |0 0 0 0|37 9 0 0|917 1145 75 46|977 1894 126 186|421 1118 72 157
24 5 189 0.0531914893617 0.519756838906 0 7398 2705 |0 0 0 0|37 12 0 0|940 1206 87 48|1020 1942 118 193|439 1145 64 147
24 4 189 0.0592705167173 0.506079027356 0 6556 2348 |0 0 0 0|37 9 0 0|857 1039 74 44|884 1852 98 179|340 961 58 124
24 3 189 0.0653495440729 0.5 0 6470 3235 |0 0 0 0|37 6 0 0|1085 814 83 47|1209 1331 151 123|573 831 97 83
24 2 189 0.0744680851064 0.512158054711 0 6136 2783 |0 0 0 0|37 7 0 0|1037 866 64 40|990 1433 148 149|439 738 68 120
24 1 189 0.0699088145897 0.521276595745 0 5800 2465 |0 0 0 0|37 9 0 0|943 947 57 50|871 1369 110 160|375 710 72 90
25 10 189 0.0623100303951 0.516717325228 0 7540 3007 |0 0 0 0|37 9 0 0|1067 1138 76 50|1105 1934 146 170|496 1104 80 128
25 9 189 0.0653495440729 0.510638297872 0 7073 3268 |0 0 0 0|37 4 0 0|1077 791 82 52|1236 1605 176 166|573 1056 87 131
25 8 189 0.0607902735562 0.509118541033 0 7693 3072 |0 0 0 0|37 9 0 0|1044 1228 79 52|1138 1934 154 202|538 1053 82 143
25 7 189 0.0729483282675 0.528875379939 0 6070 3052 |0 0 0 0|37 2 0 0|1058 625 91 23|1140 1329 135 122|503 830 88 87
25 6 189 0.0653495440729 0.5273556231 0 6789 2500 |0 0 0 0|37 5 0 0|911 1053 71 43|905 1849 126 200|396 1000 54 139
25 5 189 0.0577507598784 0.510638297872 0 6998 2902 |0 0 0 0|37 10 0 0|1032 1027 80 53|1051 1733 144 167|480 964 78 142
25 4 189 0.063829787234 0.51367781155 0 6416 3053 |0 0 0 0|37 3 0 0|1035 851 82 55|1150 1396 138 124|514 835 97 99
25 3 189 0.0668693009119 0.5 0 5821 3542 |0 0 0 0|37 7 0 0|1135 563 76 43|1356 972 185 108|631 533 122 53
25 2 189 0.0683890577508 0.496960486322 0 6389 2965 |0 0 0 0|37 3 0 0|1040 780 72 39|1090 1470 145 160|511 863 70 109
25 1 189 0.0699088145897 0.525835866261 0 6569 2496 |0 0 0 0|37 11 0 0|926 1183 59 54|886 1657 120 184|406 846 62 138
26 10 189 0.0592705167173 0.528875379939 0 6394 2961 |0 0 0 0|37 7 0 0|1043 898 76 31|1109 1475 137 117|485 818 74 87
26 9 189 0.0577507598784 0.518237082067 0 6806 2823 |0 0 0 0|37 10 0 0|990 886 73 46|1083 1738 103 165|473 1010 64 128
26 8 189 0.063829787234 0.524316109422 0 6426 3181 |0 0 0 0|37 5 0 0|1076 700 89 33|1219 1418 122 135|543 836 95 118
26 7 189 0.0729483282675 0.512158054711 0 6394 2795 |0 0 0 0|37 2 0 0|979 837 80 36|1066 1549 119 148|442 890 72 137
26 6 189 0.0683890577508 0.507598784195 0 5860 2656 |0 0 0 0|37 11 0 0|925 894 66 36|991 1323 131 109|439 730 67 101
26 5 189 0.0683890577508 0.512158054711 0 6078 2600 |0 0 0 0|37 9 0 0|906 866 79 33|979 1505 110 143|424 796 65 126
26 4 189 0.0668693009119 0.504559270517 0 7341 3542 |0 0 0 0|37 10 0 0|1179 855 86 66|1342 1584 161 164|642 974 95 146
26 3 189 0.0699088145897 0.519756838906 0 6718 2639 |0 0 0 0|37 4 0 0|950 1097 83 56|932 1741 137 185|421 879 79 117
26 2 189 0.0683890577508 0.516717325228 0 5904 3154 |0 0 0 0|37 8 0 0|1059 669 77 40|1161 1081 179 140|574 703 67 109
26 1 189 0.0729483282675 0.509118541033 0 5875 3228 |0 0 0 0|37 2 0 0|1109 576 88 24|1196 1135 136 93|569 732 93 85
27 10 189 0.0714285714286 0.51367781155 0 6560 3636 |0 0 0 0|37 3 0 0|1157 565 78 25|1388 1236 181 140|682 840 113 115
27 9 189 0.0729483282675 0.516717325228 0 6381 3565 |0 0 0 0|37 5 0 0|1151 674 97 51|1372 1183 158 121|646 687 104 95
27 8 189 0.0714285714286 0.501519756839 0 6173 2757 |0 0 0 0|37 13 0 0|994 942 80 38|968 1462 122 148|490 709 66 104
27 7 189 0.0683890577508 0.496960486322 0 6602 3322 |0 0 0 0|37 4 0 0|1124 747 87 43|1268 1402 165 154|558 802 83 128
27 6 189 0.0623100303951 0.5 0 6889 2524 |0 0 0 0|37 10 0 0|896 1309 66 51|951 1790 120 176|386 930 68 99
27 5 189 0.0653495440729 0.509118541033 0 7054 3187 |0 0 0 0|37 6 0 0|1051 921 86 40|1171 1677 161 146|597 957 84 120
27 4 189 0.0699088145897 0.5273556231 0 6092 2961 |0 0 0 0|37 2 0 0|1018 716 85 25|1131 1370 125 107|485 801 80 110
27 3 189 0.0714285714286 0.507598784195 0 6249 3074 |0 0 0 0|37 2 0 0|1076 678 77 27|1151 1360 162 123|493 833 78 152
27 2 189 0.0699088145897 0.521276595745 0 6385 2674 |0 0 0 0|37 3 0 0|984 910 70 44|983 1552 150 141|390 944 60 117
27 1 189 0.0699088145897 0.5273556231 0 7452 3395 |0 0 0 0|37 5 0 0|1137 1006 82 62|1253 1786 151 173|641 890 94 135
28 10 189 0.0759878419453 0.516717325228 0 5682 3736 |0 0 0 0|37 3 0 0|1234 480 96 18|1404 797 180 71|678 510 107 67
28 9 189 0.0714285714286 0.518237082067 0 5711 3679 |0 0 0 0|37 1 0 0|1177 333 68 31|1457 855 199 88|626 650 115 74
28 8 189 0.0668693009119 0.507598784195 0 6823 3403 |0 0 0 0|37 3 0 0|1118 770 92 53|1285 1445 163 166|606 838 102 145
28 7 189 0.0729483282675 0.524316109422 0 6418 2646 |0 0 0 0|37 8 0 0|944 1124 65 54|993 1571 121 159|424 759 62 97
28 6 189 0.0729483282675 0.516717325228 0 6143 3801 |0 0 0 0|37 7 0 0|1219 566 92 15|1397 1005 197 97|748 577 111 75
28 5 189 0.0775075987842 0.534954407295 0 6110 2938 |0 0 0 0|37 5 0 0|1032 839 79 30|1050 1384 127 148|519 686 94 80
28 4 189 0.0668693009119 0.521276595745 0 6983 3118 |0 0 0 0|37 5 0 0|1077 1006 88 73|1161 1625 134 119|537 911 84 126
28 3 189 0.0729483282675 0.515197568389 0 5932 2952 |0 0 0 0|37 2 0 0|1031 661 70 30|1079 1318 149 134|497 720 89 115
28 2 189 0.0714285714286 0.515197568389 0 6295 2723 |0 0 0 0|37 6 0 0|986 930 79 54|993 1527 120 145|448 801 60 109
28 1 189 0.0699088145897 0.537993920973 0 5928 2954 |0 0 0 0|37 6 0 0|1072 674 82 32|1062 1284 126 131|497 741 78 106
29 10 189 0.0699088145897 0.533434650456 0 6109 2641 |0 0 0 0|37 6 0 0|961 846 72 30|957 1508 113 133|437 838 64 107
29 9 189 0.0759878419453 0.519756838906 0 6388 3520 |0 0 0 0|37 1 0 0|1201 640 95 35|1313 1203 161 148|623 742 90 99
29 8 189 0.0623100303951 0.5273556231 0 6601 2948 |0 0 0 0|37 7 0 0|1035 830 73 43|1060 1599 136 149|505 911 102 114
29 7 189 0.0699088145897 0.528875379939 0 6421 3376 |0 0 0 0|37 7 0 0|1139 733 78 49|1247 1333 157 115|618 719 100 89
29 6 189 0.0668693009119 0.533434650456 0 6209 3433 |0 0 0 0|37 7 0 0|1164 731 78 37|1263 1200 156 103|645 606 90 92
29 5 189 0.0714285714286 0.525835866261 0 5480 3448 |0 0 0 0|37 1 0 0|1098 468 94 24|1295 845 157 67|658 559 109 68
29 4 189 0.0683890577508 0.530395136778 0 6302 3224 |0 0 0 0|37 3 0 0|1067 859 72 56|1198 1263 151 105|602 694 97 98
29 3 189 0.0714285714286 0.524316109422 0 5826 2758 |0 0 0 0|37 0 0 0|927 754 80 37|1051 1294 135 128|450 759 78 96
29 2 189 0.0714285714286 0.524316109422 0 5919 3394 |0 0 0 0|37 1 0 0|1127 587 91 26|1243 1021 156 99|619 700 121 91
29 1 189 0.0714285714286 0.516717325228 0 6267 2906 |0 0 0 0|37 3 0 0|1029 689 74 37|1085 1501 148 125|451 901 82 105
30 10 189 0.0790273556231 0.522796352584 0 6090 3093 |0 0 0 0|37 6 0 0|1048 754 95 32|1162 1302 145 135|513 673 93 95
30 9 189 0.0744680851064 0.525835866261 0 5761 2540 |0 0 0 0|37 8 0 0|901 927 74 56|918 1361 126 128|412 660 72 81
30 8 189 0.0835866261398 0.525835866261 0 5517 3827 |0 0 0 0|37 8 0 0|1171 423 81 21|1470 717 208 95|755 375 105 51
30 7 189 0.080547112462 0.524316109422 0 6270 3115 |0 0 0 0|37 7 0 0|1059 850 82 34|1170 1349 153 133|538 703 76 79
30 6 189 0.0835866261398 0.528875379939 0 5931 4514 |0 0 0 0|37 1 0 0|1321 297 104 11|1773 604 216 62|916 395 147 47
30 5 189 0.0714285714286 0.524316109422 0 5864 2954 |0 0 0 0|37 5 0 0|1003 792 75 27|1146 1193 125 106|500 689 68 98
30 4 189 0.0699088145897 0.524316109422 0 6262 2690 |0 0 0 0|37 1 0 0|936 872 80 37|1004 1522 118 162|452 855 63 123
30 3 189 0.0759878419453 0.534954407295 0 5920 3502 |0 0 0 0|37 7 0 0|1176 696 88 32|1325 1045 180 86|601 477 95 75
30 2 189 0.0775075987842 0.530395136778 0 5632 3610 |0 0 0 0|37 5 0 0|1164 432 79 28|1402 851 151 75|663 565 114 66
30 1 189 0.0683890577508 0.544072948328 0 6772 3426 |0 0 0 0|37 1 0 0|1163 736 96 52|1245 1443 147 153|645 821 93 140
31 10 189 0.0759878419453 0.524316109422 0 6277 3460 |0 0 0 0|37 10 0 0|1148 828 83 43|1298 1192 164 103|624 563 106 78
31 9 189 0.0683890577508 0.510638297872 0 6079 3209 |0 0 0 0|37 3 0 0|1081 679 95 31|1161 1191 142 128|599 752 94 86
31 8 189 0.0729483282675 0.533434650456 0 5768 3141 |0 0 0 0|37 8 0 0|1086 707 85 34|1124 1039 168 99|550 657 91 83
31 7 189 0.080547112462 0.525835866261 0 5754 3965 |0 0 0 0|37 5 0 0|1284 312 96 18|1554 770 192 93|665 514 137 77
31 6 189 0.0729483282675 0.522796352584 0 6077 2997 |0 0 0 0|37 5 0 0|1038 754 81 28|1133 1404 141 120|489 679 78 90
31 5 189 0.0729483282675 0.54103343465 0 5842 2823 |0 0 0 0|37 5 0 0|998 878 70 38|1040 1246 125 105|482 663 71 84
31 4 189 0.0744680851064 0.537993920973 0 5771 3497 |0 0 0 0|37 2 0 0|1203 509 80 48|1316 976 171 91|605 566 85 82
31 3 189 0.0775075987842 0.521276595745 0 6039 3900 |0 0 0 0|37 4 0 0|1209 384 90 20|1493 949 185 123|765 578 121 81
31 2 189 0.0744680851064 0.525835866261 0 6059 3564 |0 0 0 0|37 3 0 0|1162 626 85 36|1346 1071 172 75|653 608 109 76
31 1 189 0.063829787234 0.525835866261 0 6066 2821 |0 0 0 0|37 4 0 0|985 717 74 17|1057 1430 123 123|473 836 72 118
32 10 189 0.0790273556231 0.525835866261 0 5183 3775 |0 0 0 0|37 6 0 0|1145 292 87 32|1491 578 169 61|748 385 98 54
32 9 189 0.0759878419453 0.51367781155 0 6547 2953 |0 0 0 0|37 3 0 0|1007 876 78 42|1073 1586 148 144|533 833 77 110
32 8 189 0.0744680851064 0.533434650456 0 5980 2689 |0 0 0 0|37 6 0 0|935 803 69 27|970 1505 136 131|469 723 73 96
32 7 189 0.0775075987842 0.531914893617 0 5223 2802 |0 0 0 0|37 6 0 0|1041 592 71 27|1027 1029 136 108|445 590 45 69
32 6 189 0.0835866261398 0.536474164134 0 5684 3327 |0 0 0 0|37 2 0 0|1107 532 89 25|1200 1039 144 93|634 596 116 70
32 5 189 0.0835866261398 0.528875379939 0 5540 3518 |0 0 0 0|37 2 0 0|1145 385 87 19|1324 923 176 87|650 534 99 72
32 4 189 0.0744680851064 0.516717325228 0 6387 2703 |0 0 0 0|37 5 0 0|961 1081 74 51|1037 1549 111 157|415 722 68 119
32 3 189 0.0759878419453 0.54103343465 0 5938 3611 |0 0 0 0|37 8 0 0|1144 693 89 30|1332 990 186 87|719 460 104 59
32 2 189 0.0759878419453 0.515197568389 0 5878 3654 |0 0 0 0|37 2 0 0|1238 428 100 6|1346 982 197 84|620 624 116 98
32 1 189 0.0775075987842 0.542553191489 0 6097 3768 |0 0 0 0|37 1 0 0|1198 537 87 50|1461 983 168 110|686 569 131 79
33 10 189 0.0820668693009 0.530395136778 0 5532 3255 |0 0 0 0|37 3 0 0|1104 615 91 37|1187 944 152 124|597 489 87 65
33 9 189 0.0775075987842 0.512158054711 0 5710 3641 |0 0 0 0|37 8 0 0|1141 532 85 22|1371 918 172 73|724 452 111 64
33 8 189 0.0729483282675 0.531914893617 0 6476 3399 |0 0 0 0|37 6 0 0|1114 744 93 45|1278 1362 159 105|629 725 89 90
33 7 189 0.0820668693009 0.524316109422 0 5486 3266 |0 0 0 0|37 5 0 0|1075 501 94 38|1279 947 153 105|552 533 76 91
33 6 189 0.0881458966565 0.539513677812 0 5295 3568 |0 0 0 0|37 0 0 0|1190 365 91 9|1316 779 172 77|667 433 95 64
33 5 189 0.0820668693009 0.518237082067 0 5557 4193 |0 0 0 0|37 2 0 0|1290 222 86 13|1633 524 204 62|811 465 132 76
33 4 189 0.0775075987842 0.5273556231 0 6007 2967 |0 0 0 0|37 5 0 0|1001 782 79 44|1109 1249 166 137|492 721 83 102
33 3 189 0.080547112462 0.524316109422 0 5735 3396 |0 0 0 0|37 1 0 0|1141 576 76 29|1251 1022 164 109|631 530 96 72
33 2 189 0.0759878419453 0.525835866261 0 5662 3893 |0 0 0 0|37 6 0 0|1239 481 90 24|1497 759 177 79|734 371 119 49
33 1 189 0.0759878419453 0.536474164134 0 5691 3777 |0 0 0 0|37 2 0 0|1188 485 89 25|1421 810 186 80|732 456 124 56
34 10 189 0.0820668693009 0.54103343465 0 5405 3186 |0 0 0 0|37 4 0 0|1067 504 79 23|1243 929 125 88|549 582 86 89
34 9 189 0.0790273556231 0.531914893617 0 5517 3655 |0 0 0 0|37 3 0 0|1180 384 99 28|1390 750 183 93|663 537 103 67
34 8 189 0.0820668693009 0.545592705167 0 5466 3957 |0 0 0 0|37 6 0 0|1237 337 79 24|1525 664 191 69|767 345 121 64
34 7 189 0.0744680851064 0.545592705167 0 6229 3664 |0 0 0 0|37 8 0 0|1156 592 90 22|1350 1102 191 101|727 641 113 99
34 6 189 0.0775075987842 0.519756838906 0 5855 3750 |0 0 0 0|37 5 0 0|1199 559 85 41|1424 873 176 82|715 490 114 55
34 5 189 0.0896656534954 0.54103343465 0 5559 4094 |0 0 0 0|37 6 0 0|1195 412 90 23|1605 654 230 65|837 265 100 40
34 4 189 0.080547112462 0.544072948328 0 5902 3971 |0 0 0 0|37 3 0 0|1224 403 98 15|1526 843 205 95|763 504 118 68
34 3 189 0.080547112462 0.5273556231 0 5125 3766 |0 0 0 0|37 3 0 0|1150 350 80 26|1469 551 195 49|721 331 114 49
34 2 189 0.0790273556231 0.537993920973 0 5529 3900 |0 0 0 0|37 10 0 0|1168 459 80 14|1530 644 194 54|762 403 129 45
34 1 189 0.0790273556231 0.539513677812 0 5526 3892 |0 0 0 0|37 3 0 0|1213 247 103 14|1511 670 181 72|715 553 132 75
35 10 189 0.0820668693009 0.534954407295 0 5356 3760 |0 0 0 0|37 7 0 0|1142 434 105 27|1470 659 158 57|735 359 113 53
35 9 189 0.0729483282675 0.542553191489 0 6079 3713 |0 0 0 0|37 1 0 0|1185 511 93 22|1404 988 172 122|709 629 113 93
35 8 189 0.0775075987842 0.545592705167 0 5370 3628 |0 0 0 0|37 7 0 0|1171 417 96 37|1350 674 168 69|707 482 99 56
35 7 189 0.0729483282675 0.534954407295 0 6152 3437 |0 0 0 0|37 8 0 0|1119 715 80 42|1297 1187 166 108|642 595 96 60
35 6 189 0.0775075987842 0.545592705167 0 5707 2834 |0 0 0 0|37 5 0 0|1046 768 77 41|1006 1275 126 121|453 589 89 74
35 5 189 0.0820668693009 0.519756838906 0 5784 3104 |0 0 0 0|37 3 0 0|1036 506 92 19|1152 1207 145 115|557 712 85 118
35 4 189 0.0790273556231 0.542553191489 0 5418 3810 |0 0 0 0|37 1 0 0|1223 425 86 15|1480 609 171 74|707 416 106 68
35 3 189 0.080547112462 0.537993920973 0 5644 3725 |0 0 0 0|37 5 0 0|1174 497 87 26|1439 815 175 69|702 445 111 62
35 2 189 0.0759878419453 0.536474164134 0 6362 3561 |0 0 0 0|37 3 0 0|1170 634 95 26|1370 1243 165 120|635 683 89 92
35 1 189 0.0820668693009 0.54103343465 0 5795 3895 |0 0 0 0|37 2 0 0|1228 422 83 20|1495 850 194 79|751 468 107 59
36 10 189 0.0851063829787 0.522796352584 0 5696 3403 |0 0 0 0|37 0 0 0|1146 567 90 25|1242 991 155 116|634 526 99 68
36 9 189 0.0820668693009 0.530395136778 0 5752 3330 |0 0 0 0|37 2 0 0|1111 559 82 26|1200 1028 158 120|640 599 102 88
36 8 189 0.0835866261398 0.534954407295 0 5352 4232 |0 0 0 0|37 4 0 0|1244 213 101 8|1691 503 190 47|825 310 144 35
36 7 189 0.0835866261398 0.544072948328 0 5661 4042 |0 0 0 0|37 1 0 0|1244 392 100 31|1548 719 183 74|794 357 136 45
36 6 189 0.080547112462 0.536474164134 0 5519 3828 |0 0 0 0|37 1 0 0|1183 311 101 22|1429 727 229 71|737 488 112 71
36 5 189 0.0790273556231 0.536474164134 0 6148 3058 |0 0 0 0|37 6 0 0|1022 855 76 48|1114 1284 153 120|564 670 92 107
36 4 189 0.0790273556231 0.54103343465 0 6015 3675 |0 0 0 0|37 3 0 0|1163 548 88 39|1382 1082 161 94|731 505 113 69
36 3 189 0.0790273556231 0.519756838906 0 5416 3171 |0 0 0 0|37 4 0 0|1055 505 90 16|1147 981 164 126|599 548 79 65
36 2 189 0.0866261398176 0.54103343465 0 5245 4381 |0 0 0 0|37 3 0 0|1334 209 102 5|1698 395 185 34|900 185 125 33
36 1 189 0.0759878419453 0.54103343465 0 5480 3643 |0 0 0 0|37 7 0 0|1147 508 85 16|1380 769 183 70|702 398 109 69
37 10 189 0.0835866261398 0.522796352584 0 5664 4270 |0 0 0 0|37 3 0 0|1282 332 105 18|1681 627 198 57|847 316 120 41
37 9 189 0.0775075987842 0.545592705167 0 5919 3810 |0 0 0 0|37 5 0 0|1259 454 93 11|1430 959 180 90|699 536 112 54
37 8 189 0.0790273556231 0.539513677812 0 5640 3767 |0 0 0 0|37 4 0 0|1204 490 97 25|1450 804 183 72|689 424 107 54
37 7 189 0.0820668693009 0.537993920973 0 5679 3968 |0 0 0 0|37 2 0 0|1234 487 98 23|1501 719 210 76|777 356 111 48
37 6 189 0.0866261398176 0.533434650456 0 5044 4328 |0 0 0 0|37 2 0 0|1345 122 106 8|1693 291 217 36|788 226 142 31
37 5 189 0.080547112462 0.544072948328 0 5295 3977 |0 0 0 0|37 7 0 0|1213 383 101 17|1469 555 219 48|815 269 123 39
37 4 189 0.080547112462 0.525835866261 0 5600 3063 |0 0 0 0|37 2 0 0|1010 742 82 43|1167 1056 139 99|554 519 74 76
37 3 189 0.0835866261398 0.544072948328 0 5226 3314 |0 0 0 0|37 3 0 0|1076 403 77 14|1262 891 167 80|603 463 92 58
37 2 189 0.080547112462 0.544072948328 0 5372 4169 |0 0 0 0|37 3 0 0|1256 280 101 15|1607 520 198 39|842 307 128 39
37 1 189 0.0790273556231 0.539513677812 0 5351 3915 |0 0 0 0|37 1 0 0|1201 331 98 26|1523 597 194 63|750 359 112 59
38 10 189 0.0866261398176 0.54103343465 0 5501 4192 |0 0 0 0|37 1 0 0|1281 252 97 10|1604 592 199 58|832 340 142 56
38 9 189 0.0866261398176 0.548632218845 0 4961 3377 |0 0 0 0|37 0 0 0|1101 382 88 9|1323 702 140 64|594 370 94 57
38 8 189 0.0881458966565 0.547112462006 0 5114 3430 |0 0 0 0|37 1 0 0|1150 415 84 21|1323 729 177 65|576 398 83 55
38 7 189 0.0851063829787 0.534954407295 0 5064 3384 |0 0 0 0|37 1 0 0|1072 417 76 14|1300 739 151 57|656 403 92 49
38 6 189 0.0866261398176 0.548632218845 0 5708 4152 |0 0 0 0|37 1 0 0|1248 374 99 32|1598 634 207 76|848 367 115 72
38 5 189 0.0820668693009 0.539513677812 0 4978 4034 |0 0 0 0|37 1 0 0|1223 233 94 10|1566 388 226 21|781 261 107 30
38 4 189 0.0866261398176 0.548632218845 0 5312 4306 |0 0 0 0|37 1 0 0|1294 193 103 6|1709 461 204 36|819 265 140 44
38 3 189 0.080547112462 0.548632218845 0 5519 3916 |0 0 0 0|37 2 0 0|1238 336 99 22|1472 693 181 91|762 404 127 55
38 2 189 0.0820668693009 0.545592705167 0 4880 4254 |0 0 0 0|37 1 0 0|1300 122 103 4|1638 238 193 24|849 219 134 18
38 1 189 0.0881458966565 0.542553191489 0 5173 4322 |0 0 0 0|37 0 0 0|1297 150 97 6|1706 407 210 45|832 209 143 34
39 10 189 0.080547112462 0.544072948328 0 5209 3726 |0 0 0 0|37 1 0 0|1221 331 89 27|1391 612 176 73|697 391 115 48
39 9 189 0.0881458966565 0.547112462006 0 5115 3265 |0 0 0 0|37 1 0 0|1124 459 88 12|1219 816 149 78|558 401 90 83
39 8 189 0.0851063829787 0.542553191489 0 4917 4117 |0 0 0 0|37 1 0 0|1278 129 99 4|1550 334 193 23|820 275 140 34
39 7 189 0.0851063829787 0.548632218845 0 5188 4171 |0 0 0 0|37 2 0 0|1245 246 80 17|1627 433 198 27|844 254 140 38
39 6 189 0.0851063829787 0.528875379939 0 5267 4226 |0 0 0 0|37 3 0 0|1287 243 86 19|1626 422 210 54|839 258 141 42
39 5 189 0.0820668693009 0.54103343465 0 5353 3865 |0 0 0 0|37 4 0 0|1191 476 84 23|1513 618 194 41|733 285 113 41
39 4 189 0.0881458966565 0.547112462006 0 4728 3365 |0 0 0 0|37 1 0 0|1127 317 88 12|1248 612 168 54|600 323 97 44
39 3 189 0.0775075987842 0.545592705167 0 5391 3588 |0 0 0 0|37 2 0 0|1159 317 86 13|1361 836 170 76|669 475 106 84
39 2 189 0.0835866261398 0.536474164134 0 4901 3294 |0 0 0 0|37 0 0 0|1073 393 80 13|1275 700 160 65|576 387 93 49
39 1 189 0.0835866261398 0.537993920973 0 5317 3922 |0 0 0 0|37 2 0 0|1240 383 103 23|1521 597 161 43|739 319 121 28
40 10 189 0.0851063829787 0.550151975684 0 5464 3966 |0 0 0 0|37 1 0 0|1218 271 84 19|1537 682 192 72|783 395 115 58
40 9 189 0.0866261398176 0.553191489362 0 5040 4131 |0 0 0 0|37 2 0 0|1248 190 82 8|1581 399 220 39|837 226 126 45
40 8 189 0.0881458966565 0.530395136778 0 5079 4557 |0 0 0 0|37 1 0 0|1359 112 102 10|1766 223 211 29|952 135 130 12
40 7 189 0.0866261398176 0.550151975684 0 5141 4303 |0 0 0 0|37 2 0 0|1309 157 115 9|1673 376 210 41|828 220 131 33
40 6 189 0.0866261398176 0.547112462006 0 4784 3504 |0 0 0 0|37 1 0 0|1188 285 83 6|1302 578 153 57|638 299 103 54
40 5 189 0.0851063829787 0.548632218845 0 4984 4241 |0 0 0 0|37 0 0 0|1260 126 109 4|1662 313 209 23|834 246 130 31
40 4 189 0.0896656534954 0.544072948328 0 4865 3440 |0 0 0 0|37 1 0 0|1115 331 96 24|1281 645 160 64|646 318 105 42
40 3 189 0.0851063829787 0.530395136778 0 5074 4127 |0 0 0 0|37 0 0 0|1251 133 98 8|1619 421 193 45|811 294 118 46
40 2 189 0.0896656534954 0.544072948328 0 5202 3417 |0 0 0 0|37 0 0 0|1102 439 89 18|1286 759 150 96|646 413 107 60
40 1 189 0.0851063829787 0.545592705167 0 5334 4330 |0 0 0 0|37 0 0 0|1310 195 93 10|1704 433 205 56|860 264 121 46
41 10 189 0.0866261398176 0.542553191489 0 5014 4296 |0 0 0 0|37 1 0 0|1254 149 100 6|1679 329 216 27|884 184 126 22
41 9 189 0.0896656534954 0.54103343465 0 4786 4541 |0 0 0 0|37 1 0 0|1326 32 97 2|1770 95 236 10|928 95 147 10
41 8 189 0.0896656534954 0.544072948328 0 4973 4403 |0 0 0 0|37 1 0 0|1290 105 102 2|1704 263 210 26|918 157 142 16
41 7 189 0.0881458966565 0.547112462006 0 5191 4266 |0 0 0 0|37 3 0 0|1257 316 91 18|1665 369 200 41|891 157 125 21
41 6 189 0.0896656534954 0.547112462006 0 4851 4310 |0 0 0 0|37 1 0 0|1285 121 105 8|1656 225 197 21|914 139 116 26
41 5 189 0.0927051671733 0.547112462006 0 5044 3485 |0 0 0 0|37 1 0 0|1139 434 91 26|1282 688 182 72|652 294 102 44
41 4 189 0.0851063829787 0.542553191489 0 5213 4121 |0 0 0 0|37 0 0 0|1249 207 92 9|1572 454 208 29|829 345 134 48
41 3 189 0.0851063829787 0.545592705167 0 5010 4207 |0 0 0 0|37 2 0 0|1259 161 87 4|1636 359 229 27|822 221 137 29
41 2 189 0.0835866261398 0.544072948328 0 5788 3902 |0 0 0 0|37 2 0 0|1220 507 90 20|1465 833 206 82|773 385 111 57
41 1 189 0.0896656534954 0.553191489362 0 4877 4316 |0 0 0 0|37 3 0 0|1261 236 95 7|1678 201 210 10|902 95 133 9
42 10 189 0.0866261398176 0.551671732523 0 5542 4214 |0 0 0 0|37 3 0 0|1259 319 89 12|1605 585 203 64|877 305 144 40
42 9 189 0.0866261398176 0.544072948328 0 5307 3262 |0 0 0 0|37 4 0 0|1088 528 72 25|1222 877 152 85|597 462 94 64
42 8 189 0.0881458966565 0.551671732523 0 5029 4354 |0 0 0 0|37 1 0 0|1289 156 102 5|1683 303 208 27|905 169 130 14
42 7 189 0.0866261398176 0.542553191489 0 4995 4438 |0 0 0 0|37 1 0 0|1346 123 92 4|1691 279 201 18|932 116 139 16
42 6 189 0.0896656534954 0.542553191489 0 4750 4345 |0 0 0 0|37 0 0 0|1262 80 99 3|1732 167 181 15|873 125 161 15
42 5 189 0.0896656534954 0.551671732523 0 4873 4500 |0 0 0 0|37 2 0 0|1342 69 94 4|1757 170 224 20|933 95 113 13
42 4 189 0.0881458966565 0.545592705167 0 5093 4352 |0 0 0 0|37 2 0 0|1264 192 97 10|1725 309 227 20|862 183 140 25
42 3 189 0.0911854103343 0.550151975684 0 4816 4567 |0 0 0 0|37 0 0 0|1335 45 111 0|1786 104 228 12|925 79 145 9
42 2 189 0.0927051671733 0.551671732523 0 4677 4660 |0 0 0 0|37 0 0 0|1370 6 99 0|1866 8 214 1|932 1 142 1
42 1 189 0.0881458966565 0.544072948328 0 5112 4329 |0 0 0 0|37 0 0 0|1303 125 97 18|1682 327 198 48|887 220 125 45
43 10 189 0.0896656534954 0.553191489362 0 5148 4387 |0 0 0 0|37 0 0 0|1295 117 84 5|1740 373 191 38|899 198 141 30
43 9 189 0.0927051671733 0.553191489362 0 4915 3729 |0 0 0 0|37 0 0 0|1201 261 90 9|1402 539 186 51|712 278 101 48
43 8 189 0.0896656534954 0.551671732523 0 4887 4390 |0 0 0 0|37 0 0 0|1279 61 97 4|1725 233 237 20|875 156 140 23
43 7 189 0.0911854103343 0.551671732523 0 4689 4591 |0 0 0 0|37 0 0 0|1384 2 111 0|1750 40 236 3|928 46 145 7
43 6 189 0.0911854103343 0.553191489362 0 4921 4412 |0 0 0 0|37 0 0 0|1342 113 107 18|1687 227 217 29|875 102 147 20
43 5 189 0.0911854103343 0.551671732523 0 4690 4578 |0 0 0 0|37 1 0 0|1329 12 106 2|1807 55 213 2|946 38 140 2
43 4 189 0.0881458966565 0.550151975684 0 4816 4220 |0 0 0 0|37 1 0 0|1244 142 93 6|1643 238 233 14|845 173 125 22
43 3 189 0.0911854103343 0.553191489362 0 4869 4480 |0 0 0 0|37 0 0 0|1356 101 98 14|1753 142 210 22|884 101 142 9
43 2 189 0.0911854103343 0.553191489362 0 4922 4454 |0 0 0 0|37 1 0 0|1323 119 92 9|1782 205 194 9|876 116 150 9
43 1 189 0.0881458966565 0.551671732523 0 5500 4419 |0 0 0 0|37 2 0 0|1325 237 98 10|1692 504 220 54|901 239 146 35
44 10 189 0.0896656534954 0.553191489362 0 4716 4593 |0 0 0 0|37 1 0 0|1332 13 94 0|1780 43 245 4|975 58 130 4
44 9 189 0.0896656534954 0.542553191489 0 4906 4310 |0 0 0 0|37 1 0 0|1283 74 103 4|1667 230 218 29|887 224 115 34
44 8 189 0.0911854103343 0.547112462006 0 4853 4497 |0 0 0 0|37 0 0 0|1286 79 107 2|1779 161 207 13|923 90 158 11
44 7 189 0.0927051671733 0.548632218845 0 4841 4632 |0 0 0 0|37 0 0 0|1330 38 105 2|1834 76 221 15|947 68 158 10
44 6 189 0.0927051671733 0.553191489362 0 4736 4445 |0 0 0 0|37 1 0 0|1310 91 105 5|1729 120 247 8|876 57 141 9
44 5 189 0.0911854103343 0.550151975684 0 4597 4485 |0 0 0 0|37 0 0 0|1335 6 109 0|1740 52 222 1|916 48 126 5
44 4 189 0.0896656534954 0.551671732523 0 4928 4427 |0 0 0 0|37 1 0 0|1309 113 98 4|1696 239 219 19|908 103 160 22
44 3 189 0.0927051671733 0.553191489362 0 4750 4648 |0 0 0 0|37 0 0 0|1395 32 112 1|1790 38 219 4|946 25 149 2
44 2 189 0.0896656534954 0.553191489362 0 4985 4359 |0 0 0 0|37 1 0 0|1280 155 100 11|1681 271 215 21|893 143 153 24
44 1 189 0.0927051671733 0.553191489362 0 5046 4599 |0 0 0 0|37 0 0 0|1397 63 110 1|1787 209 236 33|921 124 111 17
45 10 189 0.0927051671733 0.551671732523 0 4718 3698 |0 0 0 0|37 0 0 0|1227 245 95 9|1406 449 188 51|651 221 94 45
45 9 189 0.0942249240122 0.553191489362 0 4769 4764 |0 0 0 0|37 0 0 0|1411 1 106 0|1809 1 248 0|992 3 161 0
45 8 189 0.0911854103343 0.551671732523 0 4709 4398 |0 0 0 0|37 0 0 0|1296 72 105 1|1680 119 219 5|924 102 137 12
45 7 189 0.0927051671733 0.553191489362 0 5017 4623 |0 0 0 0|37 0 0 0|1373 143 104 10|1842 148 215 14|926 66 126 13
45 6 189 0.0927051671733 0.553191489362 0 4671 4594 |0 0 0 0|37 0 0 0|1325 8 101 1|1785 35 217 4|973 28 156 1
45 5 189 0.0927051671733 0.553191489362 0 4768 4540 |0 0 0 0|37 0 0 0|1345 29 103 3|1797 98 228 3|876 82 154 13
45 4 189 0.0911854103343 0.548632218845 0 4968 4529 |0 0 0 0|37 0 0 0|1356 72 99 0|1749 216 222 23|924 107 142 21
45 3 189 0.0911854103343 0.550151975684 0 4803 4608 |0 0 0 0|37 0 0 0|1349 48 109 2|1790 70 216 5|961 55 146 15
45 2 189 0.0896656534954 0.553191489362 0 4734 4356 |0 0 0 0|37 0 0 0|1277 56 102 3|1667 139 235 22|896 133 142 25
45 1 189 0.0942249240122 0.553191489362 0 4730 4674 |0 0 0 0|37 0 0 0|1328 6 97 0|1850 25 239 3|992 16 131 6
46 10 189 0.0927051671733 0.553191489362 0 4707 4624 |0 0 0 0|37 0 0 0|1363 8 100 1|1796 39 228 0|938 26 162 9
46 9 189 0.0942249240122 0.553191489362 0 4763 4723 |0 0 0 0|37 0 0 0|1389 3 114 0|1819 18 229 2|990 14 145 3
46 8 189 0.0927051671733 0.553191489362 0 4737 4695 |0 0 0 0|37 0 0 0|1338 8 101 0|1806 17 231 3|1028 13 154 1
46 7 189 0.0927051671733 0.553191489362 0 5029 4633 |0 0 0 0|37 0 0 0|1338 56 105 0|1802 190 219 26|988 108 144 16
46 6 189 0.0942249240122 0.553191489362 0 4726 4680 |0 0 0 0|37 0 0 0|1380 1 103 0|1831 18 235 3|942 22 152 2
46 5 189 0.0942249240122 0.553191489362 0 4698 4698 |0 0 0 0|37 0 0 0|1330 0 100 0|1847 0 224 0|995 0 165 0
46 4 189 0.0942249240122 0.553191489362 0 4859 4704 |0 0 0 0|37 0 0 0|1376 11 95 0|1823 71 238 9|985 56 150 8
46 3 189 0.0911854103343 0.553191489362 0 4746 4444 |0 0 0 0|37 0 0 0|1283 77 90 1|1762 110 243 11|907 91 122 12
46 2 189 0.0911854103343 0.553191489362 0 4839 4481 |0 0 0 0|37 0 0 0|1336 55 81 3|1742 161 199 10|929 108 157 21
46 1 189 0.0942249240122 0.553191489362 0 4725 4725 |0 0 0 0|37 0 0 0|1366 0 98 0|1835 0 255 0|965 0 169 0
47 10 189 0.0942249240122 0.553191489362 0 4582 4582 |0 0 0 0|37 0 0 0|1356 0 105 0|1763 0 207 0|979 0 135 0
47 9 189 0.0942249240122 0.553191489362 0 4632 4630 |0 0 0 0|37 0 0 0|1377 0 94 0|1805 0 227 0|944 1 146 1
47 8 189 0.0942249240122 0.553191489362 0 4760 4760 |0 0 0 0|37 0 0 0|1428 0 96 0|1881 0 243 0|950 0 125 0
47 7 189 0.0942249240122 0.553191489362 0 4782 4782 |0 0 0 0|37 0 0 0|1414 0 103 0|1888 0 238 0|951 0 151 0
47 6 189 0.0942249240122 0.553191489362 0 4694 4694 |0 0 0 0|37 0 0 0|1365 0 100 0|1841 0 189 0|1004 0 158 0
47 5 189 0.0942249240122 0.553191489362 0 4774 4773 |0 0 0 0|37 0 0 0|1368 0 101 0|1910 0 231 0|962 0 164 1
47 4 189 0.0942249240122 0.553191489362 0 4717 4717 |0 0 0 0|37 0 0 0|1365 0 110 0|1794 0 247 0|1013 0 151 0
47 3 189 0.0942249240122 0.553191489362 0 4673 4624 |0 0 0 0|37 0 0 0|1369 8 107 0|1821 15 249 3|904 18 137 5
47 2 189 0.0942249240122 0.553191489362 0 4641 4640 |0 0 0 0|37 0 0 0|1358 0 105 0|1813 0 232 0|937 0 158 1
47 1 189 0.0942249240122 0.553191489362 0 4823 4813 |0 0 0 0|37 0 0 0|1386 0 92 0|1877 5 252 1|1012 1 157 3
48 10 189 0.0942249240122 0.553191489362 0 4815 4815 |0 0 0 0|37 0 0 0|1387 0 99 0|1837 0 238 0|1056 0 161 0
48 9 189 0.0942249240122 0.553191489362 0 4774 4772 |0 0 0 0|37 0 0 0|1382 0 105 0|1870 0 239 0|1002 1 137 1
48 8 189 0.0942249240122 0.553191489362 0 4672 4672 |0 0 0 0|37 0 0 0|1396 0 103 0|1799 0 216 0|971 0 150 0
48 7 189 0.0942249240122 0.553191489362 0 4715 4714 |0 0 0 0|37 0 0 0|1344 0 112 0|1885 0 229 0|947 1 160 0
48 6 189 0.0942249240122 0.553191489362 0 4770 4770 |0 0 0 0|37 0 0 0|1397 0 97 0|1911 0 235 0|949 0 144 0
48 5 189 0.0942249240122 0.553191489362 0 4681 4681 |0 0 0 0|37 0 0 0|1325 0 99 0|1853 0 245 0|961 0 161 0
48 4 189 0.0942249240122 0.553191489362 0 4595 4595 |0 0 0 0|37 0 0 0|1384 0 101 0|1784 0 241 0|915 0 133 0
48 3 189 0.0942249240122 0.553191489362 0 4602 4600 |0 0 0 0|37 0 0 0|1326 0 107 0|1807 0 226 0|958 0 139 2
48 2 189 0.0942249240122 0.553191489362 0 4712 4712 |0 0 0 0|37 0 0 0|1368 0 96 0|1834 0 236 0|982 0 159 0
48 1 189 0.0942249240122 0.553191489362 0 4694 4694 |0 0 0 0|37 0 0 0|1331 0 99 0|1889 0 229 0|929 0 180 0
