Cutoff >1
N1 20000
MaxLen1 12
nHaps NHaps nSp single_nucleotide_pDNCs pDNC_recovered
2 10 87 0.0395738203957 0.476407914764 0 15184 4420 |0, 0, 0, 0|52, 61, 1, 3|1865, 3350, 232, 512|1247, 3460, 453, 1233|323, 1304, 247, 841
2 9 87 0.0182648401826 0.464231354642 0 14376 2591 |0, 0, 0, 0|52, 131, 1, 6|1240, 3603, 168, 840|625, 3184, 254, 1806|147, 984, 104, 1231
2 8 87 0.0182648401826 0.467275494673 0 14170 2790 |0, 0, 0, 0|52, 133, 1, 3|1316, 3759, 159, 775|732, 3116, 273, 1621|154, 926, 103, 1047
2 7 87 0.0289193302892 0.470319634703 0 14466 3018 |0, 0, 0, 0|52, 149, 1, 4|1417, 3513, 189, 625|775, 3184, 267, 1641|156, 1119, 161, 1213
2 6 87 0.0152207001522 0.456621004566 0 15674 3126 |0, 0, 0, 0|52, 121, 1, 9|1406, 4122, 186, 650|834, 3913, 302, 1422|189, 1269, 156, 1042
2 5 87 0.0289193302892 0.477929984779 0 14873 3568 |0, 0, 0, 0|52, 178, 1, 9|1562, 3797, 239, 745|981, 3129, 345, 1436|216, 1002, 172, 1009
2 4 87 0.0106544901065 0.459665144597 0 15656 4227 |0, 0, 0, 0|52, 85, 1, 4|1897, 3977, 276, 556|1135, 3597, 425, 1255|237, 1139, 204, 816
2 3 87 0.0456621004566 0.468797564688 0 13854 3629 |0, 0, 0, 0|52, 172, 1, 10|1621, 3361, 178, 611|1030, 2863, 348, 1236|228, 1010, 171, 962
2 2 87 0.0243531202435 0.465753424658 0 15155 3577 |0, 0, 0, 0|52, 112, 1, 8|1602, 3763, 233, 651|993, 3488, 314, 1433|224, 1189, 158, 934
2 1 87 0.0487062404871 0.467275494673 0 14783 3666 |0, 0, 0, 0|52, 142, 1, 6|1653, 3680, 216, 551|977, 3309, 359, 1302|243, 1174, 165, 953
3 10 87 0.041095890411 0.473363774734 0 14187 4492 |0, 0, 0, 0|52, 118, 1, 1|1889, 3235, 268, 520|1244, 2837, 479, 1196|323, 941, 236, 847
3 9 87 0.0289193302892 0.468797564688 0 14999 3590 |0, 0, 0, 0|52, 94, 1, 10|1579, 3855, 217, 570|996, 3599, 361, 1257|214, 1179, 170, 845
3 8 87 0.0289193302892 0.467275494673 0 14690 3720 |0, 0, 0, 0|52, 152, 1, 4|1600, 3650, 233, 571|1027, 3264, 391, 1347|236, 1105, 180, 877
3 7 87 0.0380517503805 0.459665144597 0 14637 4416 |0, 0, 0, 0|52, 83, 1, 8|1887, 3197, 249, 536|1261, 3151, 450, 1230|294, 1150, 222, 866
3 6 87 0.0350076103501 0.48097412481 0 14822 4028 |0, 0, 0, 0|52, 59, 1, 5|1785, 3205, 238, 540|1134, 3443, 390, 1312|242, 1225, 186, 1005
3 5 87 0.0167427701674 0.470319634703 0 14561 3170 |0, 0, 0, 0|52, 220, 1, 14|1396, 3638, 164, 914|881, 3083, 311, 1614|210, 882, 155, 1026
3 4 87 0.0380517503805 0.468797564688 0 14133 3558 |0, 0, 0, 0|52, 154, 1, 7|1502, 3420, 216, 709|988, 2894, 390, 1431|221, 987, 188, 973
3 3 87 0.0182648401826 0.464231354642 0 15299 4316 |0, 0, 0, 0|52, 88, 1, 6|1861, 3753, 256, 574|1200, 3380, 447, 1281|281, 1122, 218, 779
3 2 87 0.0182648401826 0.465753424658 0 14434 2756 |0, 0, 0, 0|52, 152, 1, 5|1265, 3885, 186, 643|736, 3324, 253, 1594|142, 1043, 121, 1032
3 1 87 0.0380517503805 0.48401826484 0 14156 3075 |0, 0, 0, 0|52, 155, 1, 6|1430, 3687, 193, 627|785, 3147, 292, 1449|184, 1027, 138, 983
4 10 87 0.0228310502283 0.470319634703 0 14015 3060 |0, 0, 0, 0|52, 97, 1, 2|1450, 3366, 203, 632|798, 3191, 252, 1562|177, 970, 127, 1135
4 9 87 0.0395738203957 0.461187214612 0 14332 4456 |0, 0, 0, 0|52, 73, 1, 5|1907, 2927, 289, 586|1312, 3077, 417, 1174|281, 1179, 197, 855
4 8 87 0.0471841704718 0.490106544901 0 14055 5156 |0, 0, 0, 0|52, 53, 1, 3|2143, 2937, 277, 314|1530, 2895, 537, 854|347, 1230, 269, 613
4 7 87 0.0350076103501 0.493150684932 0 15168 4393 |0, 0, 0, 0|52, 55, 1, 3|1865, 3287, 245, 558|1252, 3432, 472, 1263|264, 1231, 242, 946
4 6 87 0.0365296803653 0.468797564688 0 14982 4454 |0, 0, 0, 0|52, 51, 1, 3|1956, 3192, 259, 508|1206, 3231, 430, 1362|315, 1233, 235, 948
4 5 87 0.0380517503805 0.467275494673 0 15033 5015 |0, 0, 0, 0|52, 72, 1, 7|2078, 2990, 269, 507|1457, 3164, 478, 1211|368, 1187, 312, 880
4 4 87 0.0517503805175 0.48401826484 0 14475 4741 |0, 0, 0, 0|52, 78, 1, 7|1930, 3128, 271, 526|1392, 2919, 482, 1159|336, 1072, 277, 845
4 3 87 0.0456621004566 0.477929984779 0 14555 4282 |0, 0, 0, 0|52, 62, 1, 3|1841, 3205, 238, 495|1195, 3290, 410, 1097|308, 1287, 237, 834
4 2 87 0.0426179604262 0.479452054795 0 14089 3505 |0, 0, 0, 0|52, 170, 1, 6|1499, 3494, 222, 574|976, 2938, 364, 1378|237, 1028, 154, 996
4 1 87 0.0289193302892 0.458143074581 0 15029 5706 |0, 0, 0, 0|52, 49, 1, 3|2341, 2974, 285, 325|1678, 3195, 571, 869|429, 1160, 349, 748
5 10 87 0.0258751902588 0.476407914764 0 14137 4186 |0, 0, 0, 0|51, 67, 1, 2|1870, 2916, 228, 545|1153, 3002, 440, 1511|251, 919, 192, 989
5 9 87 0.041095890411 0.48097412481 0 13604 3710 |0, 0, 0, 0|52, 128, 1, 3|1609, 3146, 222, 480|1043, 3048, 365, 1195|237, 1029, 181, 865
5 8 87 0.0502283105023 0.468797564688 0 14318 5528 |0, 0, 0, 0|52, 27, 1, 1|2291, 2663, 300, 265|1632, 3108, 516, 899|414, 1152, 322, 675
5 7 87 0.0426179604262 0.474885844749 0 14024 4866 |0, 0, 0, 0|52, 57, 1, 2|2075, 2917, 254, 426|1421, 2885, 495, 988|302, 1083, 266, 800
5 6 87 0.0441400304414 0.467275494673 0 14141 5452 |0, 0, 0, 0|52, 28, 1, 1|2208, 2454, 287, 306|1613, 2882, 587, 916|388, 1317, 316, 785
5 5 87 0.0380517503805 0.479452054795 0 13691 4516 |0, 0, 0, 0|52, 45, 1, 2|1930, 2484, 281, 380|1302, 3002, 425, 1168|287, 1136, 238, 958
5 4 87 0.0426179604262 0.464231354642 0 14952 5978 |0, 0, 0, 0|52, 69, 1, 5|2355, 2961, 327, 409|1810, 2889, 604, 931|497, 1049, 332, 661
5 3 87 0.0547945205479 0.487062404871 0 13827 4509 |0, 0, 0, 0|52, 102, 1, 3|1921, 2758, 262, 465|1268, 2901, 442, 1112|321, 1052, 242, 925
5 2 87 0.0517503805175 0.471841704718 0 14200 4794 |0, 0, 0, 0|52, 40, 1, 3|2097, 2552, 257, 435|1299, 3104, 481, 1068|335, 1322, 272, 882
5 1 87 0.0502283105023 0.482496194825 0 14462 5092 |0, 0, 0, 0|52, 52, 1, 4|2075, 2780, 256, 410|1521, 3023, 551, 1103|351, 1156, 285, 842
6 10 87 0.0593607305936 0.48097412481 0 13608 6405 |0, 0, 0, 0|52, 34, 1, 1|2606, 2058, 327, 263|1895, 2388, 679, 755|490, 1048, 355, 656
6 9 87 0.0517503805175 0.496194824962 0 14113 5024 |0, 0, 0, 0|52, 65, 1, 5|1985, 2754, 280, 474|1486, 2861, 550, 1034|361, 1048, 309, 848
6 8 87 0.0426179604262 0.482496194825 0 13400 5338 |0, 0, 0, 0|52, 23, 1, 2|2300, 2101, 281, 325|1580, 2710, 520, 1005|359, 1012, 245, 884
6 7 87 0.0608828006088 0.477929984779 0 13970 5031 |0, 0, 0, 0|52, 57, 1, 2|2069, 2714, 290, 369|1531, 2973, 465, 896|357, 1164, 266, 764
6 6 87 0.0471841704718 0.493150684932 0 14102 3702 |0, 0, 0, 0|52, 127, 1, 7|1609, 3316, 208, 667|1023, 2828, 361, 1400|226, 1057, 222, 998
6 5 87 0.0441400304414 0.462709284627 0 14295 4895 |0, 0, 0, 0|52, 54, 1, 3|2037, 2949, 272, 404|1417, 3088, 483, 1040|368, 1074, 265, 788
6 4 87 0.0532724505327 0.485540334855 0 14669 6104 |0, 0, 0, 0|52, 50, 1, 3|2360, 2627, 296, 437|1856, 2696, 664, 1069|498, 935, 377, 748
6 3 87 0.0593607305936 0.485540334855 0 14051 5679 |0, 0, 0, 0|52, 50, 1, 3|2333, 2696, 313, 347|1668, 2714, 580, 790|416, 1062, 316, 710
6 2 87 0.0365296803653 0.48401826484 0 13856 3688 |0, 0, 0, 0|52, 134, 1, 5|1598, 3297, 213, 632|1027, 2913, 389, 1299|222, 1053, 186, 835
6 1 87 0.0502283105023 0.479452054795 0 13513 5594 |0, 0, 0, 0|52, 41, 1, 2|2316, 2288, 280, 318|1640, 2714, 548, 877|431, 1054, 326, 625
7 10 87 0.0517503805175 0.476407914764 0 13552 4372 |0, 0, 0, 0|52, 92, 1, 3|1882, 2740, 226, 451|1271, 2753, 419, 1151|286, 1023, 235, 967
7 9 87 0.0547945205479 0.476407914764 0 14294 6578 |0, 0, 0, 0|52, 47, 1, 3|2515, 2370, 312, 452|2036, 2365, 696, 957|522, 870, 444, 652
7 8 87 0.0669710806697 0.48097412481 0 13708 5067 |0, 0, 0, 0|52, 88, 1, 4|2039, 2999, 255, 439|1491, 2562, 558, 907|378, 928, 293, 714
7 7 87 0.0547945205479 0.496194824962 0 14319 5553 |0, 0, 0, 0|52, 39, 1, 5|2295, 2622, 279, 411|1601, 2801, 577, 1000|398, 1138, 350, 750
7 6 87 0.0456621004566 0.474885844749 0 14272 5108 |0, 0, 0, 0|52, 58, 1, 4|2147, 2862, 283, 378|1444, 3011, 527, 984|359, 1123, 295, 744
7 5 87 0.0563165905632 0.497716894977 0 14480 5612 |0, 0, 0, 0|52, 40, 1, 2|2269, 2743, 305, 326|1654, 2966, 569, 883|445, 1221, 317, 687
7 4 87 0.0487062404871 0.479452054795 0 13852 5397 |0, 0, 0, 0|52, 44, 1, 4|2220, 2820, 271, 307|1602, 2826, 559, 836|392, 999, 300, 619
7 3 87 0.0593607305936 0.497716894977 0 13788 5651 |0, 0, 0, 0|52, 46, 1, 3|2262, 2465, 305, 377|1690, 2623, 564, 855|474, 1038, 303, 730
7 2 87 0.0456621004566 0.48401826484 0 14202 5062 |0, 0, 0, 0|52, 52, 1, 2|2117, 3068, 267, 400|1390, 3004, 514, 842|416, 1115, 305, 657
7 1 87 0.0380517503805 0.470319634703 0 14065 4512 |0, 0, 0, 0|52, 54, 1, 4|1884, 2665, 244, 430|1319, 2994, 448, 1237|333, 1192, 231, 977
8 10 87 0.041095890411 0.473363774734 0 14542 5400 |0, 0, 0, 0|52, 45, 1, 5|2227, 2822, 259, 438|1591, 2948, 545, 969|393, 1177, 332, 738
8 9 87 0.0578386605784 0.491628614916 0 14146 5646 |0, 0, 0, 0|52, 50, 1, 3|2225, 2732, 286, 302|1682, 2704, 601, 863|462, 1112, 337, 734
8 8 87 0.0441400304414 0.476407914764 0 13545 5558 |0, 0, 0, 0|52, 33, 1, 1|2253, 2269, 275, 265|1650, 2638, 542, 925|477, 1054, 308, 802
8 7 87 0.0426179604262 0.485540334855 0 14019 7104 |0, 0, 0, 0|52, 16, 1, 2|2803, 1969, 360, 298|2106, 2327, 780, 819|581, 844, 421, 640
8 6 87 0.0654490106545 0.496194824962 0 14002 6082 |0, 0, 0, 0|52, 42, 1, 3|2439, 2395, 307, 301|1800, 2597, 632, 838|512, 1040, 339, 704
8 5 87 0.0532724505327 0.48097412481 0 13907 5311 |0, 0, 0, 0|52, 44, 1, 2|2199, 2537, 263, 385|1565, 2677, 548, 1110|414, 1051, 269, 790
8 4 87 0.0578386605784 0.493150684932 0 14022 5091 |0, 0, 0, 0|52, 54, 1, 2|2100, 2812, 285, 363|1497, 3055, 516, 870|360, 1083, 280, 692
8 3 87 0.0547945205479 0.48097412481 0 14006 5118 |0, 0, 0, 0|52, 44, 1, 4|2105, 2691, 258, 437|1517, 2773, 538, 1058|373, 1109, 274, 772
8 2 87 0.0578386605784 0.491628614916 0 13702 5950 |0, 0, 0, 0|52, 63, 1, 4|2264, 2447, 296, 363|1851, 2396, 616, 883|505, 936, 365, 660
8 1 87 0.0532724505327 0.496194824962 0 13534 4579 |0, 0, 0, 0|52, 120, 1, 8|1837, 2730, 254, 587|1379, 2443, 450, 1187|350, 982, 256, 898
9 10 87 0.0380517503805 0.477929984779 0 14744 5941 |0, 0, 0, 0|52, 57, 1, 2|2286, 2879, 300, 381|1805, 2937, 642, 874|483, 989, 372, 684
9 9 87 0.0715372907154 0.500761035008 0 13136 6368 |0, 0, 0, 0|52, 42, 1, 2|2427, 2212, 313, 308|1934, 2166, 667, 660|562, 864, 412, 514
9 8 87 0.0426179604262 0.487062404871 0 13956 7096 |0, 0, 0, 0|52, 32, 1, 2|2731, 2049, 345, 238|2141, 2350, 691, 664|659, 940, 476, 585
9 7 87 0.0608828006088 0.497716894977 0 13879 5329 |0, 0, 0, 0|52, 50, 1, 4|2169, 2546, 282, 407|1591, 2662, 531, 1020|418, 1038, 285, 823
9 6 87 0.0517503805175 0.48097412481 0 14197 7547 |0, 0, 0, 0|52, 30, 1, 1|2853, 1909, 363, 283|2271, 2155, 853, 689|677, 937, 477, 646
9 5 87 0.0654490106545 0.490106544901 0 14059 7337 |0, 0, 0, 0|52, 37, 1, 2|2845, 2204, 362, 290|2271, 2111, 785, 676|577, 854, 444, 548
9 4 87 0.0578386605784 0.488584474886 0 12561 5947 |0, 0, 0, 0|52, 41, 1, 1|2423, 2010, 275, 221|1798, 2206, 588, 682|458, 844, 352, 609
9 3 87 0.0700152207002 0.505327245053 0 13591 6809 |0, 0, 0, 0|52, 66, 1, 1|2631, 1977, 329, 338|2075, 2088, 717, 767|550, 891, 454, 654
9 2 87 0.0654490106545 0.490106544901 0 13853 6638 |0, 0, 0, 0|52, 40, 1, 1|2510, 2130, 354, 258|1994, 2380, 729, 756|604, 1039, 394, 611
9 1 87 0.0593607305936 0.485540334855 0 13523 5701 |0, 0, 0, 0|52, 49, 1, 3|2313, 2473, 304, 319|1669, 2509, 594, 828|457, 925, 311, 716
10 10 87 0.0608828006088 0.479452054795 0 13494 8166 |0, 0, 0, 0|52, 24, 1, 0|3079, 1520, 381, 221|2500, 1777, 832, 584|773, 719, 548, 483
10 9 87 0.0471841704718 0.487062404871 0 13558 5534 |0, 0, 0, 0|52, 42, 1, 3|2236, 2383, 290, 303|1652, 2628, 587, 917|396, 967, 320, 781
10 8 87 0.0517503805175 0.482496194825 0 13764 6363 |0, 0, 0, 0|52, 39, 1, 3|2481, 2268, 311, 421|1929, 2239, 628, 924|565, 909, 396, 598
10 7 87 0.0502283105023 0.48097412481 0 13829 7792 |0, 0, 0, 0|52, 13, 1, 1|2881, 1756, 347, 146|2421, 2079, 860, 654|707, 837, 523, 551
10 6 87 0.0669710806697 0.511415525114 0 12835 6772 |0, 0, 0, 0|52, 9, 1, 1|2670, 1477, 336, 266|2093, 2039, 660, 778|566, 869, 394, 624
10 5 87 0.0563165905632 0.491628614916 0 13695 6380 |0, 0, 0, 0|52, 24, 1, 2|2573, 1919, 310, 209|1903, 2599, 648, 738|500, 1094, 393, 730
10 4 87 0.0730593607306 0.506849315068 0 12455 6548 |0, 0, 0, 0|52, 42, 1, 2|2625, 1926, 328, 236|1965, 1910, 657, 612|543, 698, 377, 481
10 3 87 0.0684931506849 0.502283105023 0 13868 6319 |0, 0, 0, 0|52, 45, 1, 4|2529, 2261, 307, 372|1862, 2379, 660, 905|530, 919, 378, 664
10 2 87 0.0700152207002 0.508371385084 0 13488 6438 |0, 0, 0, 0|52, 66, 1, 3|2527, 2038, 312, 438|1962, 2026, 669, 923|524, 795, 391, 761
10 1 87 0.0669710806697 0.490106544901 0 13564 7687 |0, 0, 0, 0|52, 7, 1, 1|2938, 1434, 403, 232|2351, 1997, 791, 738|668, 849, 483, 619
11 10 87 0.0684931506849 0.497716894977 0 13199 6170 |0, 0, 0, 0|52, 70, 1, 1|2428, 1991, 300, 367|1884, 2136, 621, 838|502, 882, 382, 744
11 9 87 0.0700152207002 0.500761035008 0 13109 7368 |0, 0, 0, 0|52, 10, 1, 1|2837, 1385, 363, 195|2261, 1957, 773, 698|618, 894, 463, 601
11 8 87 0.0608828006088 0.499238964992 0 14312 7248 |0, 0, 0, 0|52, 25, 1, 3|2755, 2022, 383, 372|2219, 2191, 749, 937|601, 879, 488, 635
11 7 87 0.0669710806697 0.509893455099 0 12822 7568 |0, 0, 0, 0|52, 21, 1, 0|2903, 1494, 376, 200|2389, 1817, 742, 554|637, 742, 468, 426
11 6 87 0.0608828006088 0.493150684932 0 13982 7613 |0, 0, 0, 0|52, 37, 1, 2|2772, 2115, 389, 273|2368, 2031, 843, 667|713, 753, 475, 491
11 5 87 0.0700152207002 0.490106544901 0 13160 6513 |0, 0, 0, 0|52, 44, 1, 1|2511, 2065, 347, 274|1932, 2143, 688, 720|578, 866, 404, 534
11 4 87 0.0578386605784 0.491628614916 0 14233 7715 |0, 0, 0, 0|52, 43, 1, 2|2873, 2185, 361, 327|2360, 1999, 865, 660|664, 755, 539, 547
11 3 87 0.0578386605784 0.491628614916 0 13774 8022 |0, 0, 0, 0|52, 6, 1, 1|3082, 1443, 385, 158|2468, 2164, 839, 606|719, 828, 476, 546
11 2 87 0.0578386605784 0.497716894977 0 13592 5567 |0, 0, 0, 0|52, 48, 1, 2|2278, 2570, 299, 358|1646, 2617, 539, 800|426, 977, 326, 653
11 1 87 0.0700152207002 0.509893455099 0 13198 7349 |0, 0, 0, 0|52, 21, 1, 0|2899, 1709, 361, 188|2261, 2064, 792, 563|571, 848, 412, 456
12 10 87 0.0745814307458 0.51598173516 0 13920 7898 |0, 0, 0, 0|52, 33, 1, 1|2880, 1934, 392, 305|2486, 1865, 855, 655|733, 734, 499, 495
12 9 87 0.0654490106545 0.505327245053 0 12757 6634 |0, 0, 0, 0|52, 29, 1, 1|2675, 1891, 346, 243|1903, 1949, 713, 691|544, 767, 400, 552
12 8 87 0.0608828006088 0.493150684932 0 13305 6808 |0, 0, 0, 0|52, 24, 1, 1|2620, 1834, 359, 218|2078, 2229, 743, 654|560, 904, 395, 633
12 7 87 0.0806697108067 0.506849315068 0 13012 8733 |0, 0, 0, 0|52, 2, 1, 0|3166, 1017, 421, 96|2724, 1517, 976, 469|792, 713, 601, 465
12 6 87 0.0669710806697 0.503805175038 0 13774 6609 |0, 0, 0, 0|52, 38, 1, 2|2501, 2319, 349, 276|2027, 2346, 661, 676|564, 932, 454, 576
12 5 87 0.0532724505327 0.502283105023 0 12913 6884 |0, 0, 0, 0|52, 28, 1, 1|2633, 1765, 347, 245|2118, 2022, 703, 617|591, 839, 439, 512
12 4 87 0.0684931506849 0.497716894977 0 12501 7537 |0, 0, 0, 0|52, 17, 1, 0|2870, 1256, 412, 132|2314, 1748, 770, 500|639, 823, 479, 488
12 3 87 0.0669710806697 0.512937595129 0 13810 7816 |0, 0, 0, 0|52, 35, 1, 2|2895, 1960, 390, 264|2431, 1914, 762, 650|725, 720, 560, 449
12 2 87 0.0700152207002 0.496194824962 0 13529 6443 |0, 0, 0, 0|52, 36, 1, 3|2465, 2062, 304, 403|1945, 2192, 683, 860|589, 924, 404, 606
12 1 87 0.0547945205479 0.490106544901 0 13940 6668 |0, 0, 0, 0|52, 74, 1, 6|2371, 2527, 349, 342|2045, 2232, 751, 767|615, 804, 484, 520
13 10 87 0.0745814307458 0.520547945205 0 13949 7765 |0, 0, 0, 0|52, 36, 1, 1|2834, 2143, 353, 331|2406, 1868, 832, 663|715, 690, 572, 452
13 9 87 0.0608828006088 0.493150684932 0 13129 6423 |0, 0, 0, 0|52, 24, 1, 1|2500, 1834, 314, 230|1952, 2301, 683, 752|529, 934, 392, 630
13 8 87 0.0684931506849 0.497716894977 0 13221 6914 |0, 0, 0, 0|52, 25, 1, 1|2647, 1714, 350, 220|2072, 2141, 735, 634|640, 971, 417, 601
13 7 87 0.062404870624 0.506849315068 0 13106 7239 |0, 0, 0, 0|52, 55, 1, 1|2731, 1844, 334, 297|2160, 1800, 805, 635|630, 724, 526, 511
13 6 87 0.0669710806697 0.511415525114 0 13683 6594 |0, 0, 0, 0|52, 39, 1, 2|2527, 2310, 318, 318|2048, 2324, 693, 707|549, 872, 406, 517
13 5 87 0.0547945205479 0.487062404871 0 14293 7501 |0, 0, 0, 0|52, 42, 1, 3|2693, 2300, 332, 297|2335, 2102, 840, 737|683, 767, 565, 544
13 4 87 0.062404870624 0.494672754947 0 12662 7362 |0, 0, 0, 0|52, 14, 1, 1|2794, 1470, 358, 166|2293, 1818, 754, 519|634, 826, 476, 486
13 3 87 0.0745814307458 0.508371385084 0 12249 8159 |0, 0, 0, 0|52, 9, 1, 0|3098, 987, 382, 97|2546, 1487, 836, 398|732, 717, 512, 395
13 2 87 0.0776255707763 0.506849315068 0 12830 8067 |0, 0, 0, 0|52, 5, 1, 1|3057, 1049, 390, 162|2485, 1725, 868, 595|680, 724, 534, 502
13 1 87 0.0669710806697 0.509893455099 0 12840 7559 |0, 0, 0, 0|52, 17, 1, 1|2891, 1511, 402, 145|2310, 1789, 768, 504|635, 818, 500, 496
14 10 87 0.0700152207002 0.502283105023 0 13130 8966 |0, 0, 0, 0|52, 22, 1, 1|3247, 1273, 396, 156|2861, 1337, 946, 476|814, 533, 649, 366
14 9 87 0.0684931506849 0.493150684932 0 12398 7766 |0, 0, 0, 0|52, 7, 1, 0|2899, 1075, 362, 126|2443, 1653, 831, 476|664, 759, 514, 536
14 8 87 0.0700152207002 0.520547945205 0 13549 7754 |0, 0, 0, 0|52, 21, 1, 2|2850, 1667, 376, 234|2429, 1888, 867, 678|692, 774, 487, 531
14 7 87 0.076103500761 0.51902587519 0 13582 7996 |0, 0, 0, 0|52, 24, 1, 1|2936, 1752, 399, 251|2400, 1817, 889, 565|731, 680, 588, 496
14 6 87 0.0791476407915 0.512937595129 0 12941 7688 |0, 0, 0, 0|52, 22, 1, 1|2790, 1413, 353, 181|2453, 1800, 833, 479|696, 852, 510, 505
14 5 87 0.0700152207002 0.51902587519 0 13169 8961 |0, 0, 0, 0|52, 13, 1, 0|3259, 1263, 405, 131|2846, 1428, 1026, 437|743, 581, 629, 355
14 4 87 0.0745814307458 0.511415525114 0 12705 7699 |0, 0, 0, 0|52, 16, 1, 1|2928, 1427, 393, 153|2359, 1750, 841, 504|597, 740, 528, 415
14 3 87 0.0700152207002 0.508371385084 0 13075 7494 |0, 0, 0, 0|52, 21, 1, 1|2792, 1596, 356, 202|2269, 1907, 829, 519|652, 834, 543, 501
14 2 87 0.0821917808219 0.505327245053 0 13847 8682 |0, 0, 0, 0|52, 20, 1, 1|3062, 1656, 398, 187|2686, 1651, 968, 509|877, 673, 638, 468
14 1 87 0.062404870624 0.506849315068 0 12776 6475 |0, 0, 0, 0|52, 29, 1, 2|2500, 1854, 324, 214|1929, 2067, 713, 718|551, 877, 405, 540
15 10 87 0.0791476407915 0.520547945205 0 12890 7527 |0, 0, 0, 0|52, 18, 1, 1|2852, 1468, 369, 166|2343, 1900, 779, 513|656, 849, 475, 448
15 9 87 0.0837138508371 0.520547945205 0 12773 8664 |0, 0, 0, 0|52, 17, 1, 1|3177, 1259, 398, 158|2749, 1376, 910, 424|807, 548, 570, 326
15 8 87 0.0563165905632 0.490106544901 0 13719 7690 |0, 0, 0, 0|52, 26, 1, 1|2849, 1960, 345, 213|2376, 2011, 836, 662|692, 675, 539, 481
15 7 87 0.0806697108067 0.525114155251 0 13347 9414 |0, 0, 0, 0|52, 19, 1, 0|3345, 1244, 406, 144|2993, 1313, 1020, 422|927, 451, 670, 340
15 6 87 0.0776255707763 0.512937595129 0 13293 8742 |0, 0, 0, 0|52, 18, 1, 0|3225, 1319, 378, 182|2828, 1526, 898, 447|784, 655, 576, 404
15 5 87 0.0730593607306 0.503805175038 0 13108 9043 |0, 0, 0, 0|52, 5, 1, 0|3205, 956, 416, 90|2855, 1476, 1028, 428|853, 696, 633, 414
15 4 87 0.076103500761 0.505327245053 0 13673 8270 |0, 0, 0, 0|52, 34, 1, 1|2952, 1905, 367, 263|2666, 1598, 878, 558|756, 638, 598, 406
15 3 87 0.0563165905632 0.512937595129 0 13642 8222 |0, 0, 0, 0|52, 21, 1, 1|3004, 1670, 378, 188|2553, 1837, 904, 568|806, 675, 524, 460
15 2 87 0.0654490106545 0.511415525114 0 13485 7840 |0, 0, 0, 0|52, 25, 1, 1|2974, 1733, 324, 190|2402, 1940, 839, 549|724, 749, 524, 458
15 1 87 0.0730593607306 0.51598173516 0 13584 8456 |0, 0, 0, 0|52, 33, 1, 1|2944, 1838, 402, 256|2644, 1515, 938, 520|839, 587, 636, 378
16 10 87 0.0791476407915 0.51598173516 0 12550 7177 |0, 0, 0, 0|52, 21, 1, 1|2742, 1549, 350, 199|2236, 1881, 740, 590|618, 683, 438, 449
16 9 87 0.0730593607306 0.523592085236 0 13912 8340 |0, 0, 0, 0|52, 33, 1, 1|2953, 1871, 379, 292|2644, 1626, 873, 676|822, 637, 616, 436
16 8 87 0.076103500761 0.522070015221 0 12316 7624 |0, 0, 0, 0|52, 15, 1, 1|2944, 1360, 367, 142|2366, 1597, 786, 434|653, 718, 455, 425
16 7 87 0.0913242009132 0.503805175038 0 12227 8828 |0, 0, 0, 0|52, 6, 1, 0|3201, 730, 435, 94|2792, 1286, 931, 363|835, 589, 581, 331
16 6 87 0.0700152207002 0.517503805175 0 12949 8842 |0, 0, 0, 0|52, 24, 1, 1|3176, 1379, 378, 176|2867, 1240, 936, 420|797, 509, 635, 358
16 5 87 0.0821917808219 0.523592085236 0 13169 7377 |0, 0, 0, 0|52, 34, 1, 2|2665, 1945, 374, 242|2293, 1799, 812, 522|674, 755, 506, 493
16 4 87 0.0669710806697 0.497716894977 0 13030 8681 |0, 0, 0, 0|52, 13, 1, 1|3099, 1086, 386, 110|2737, 1569, 967, 452|836, 671, 603, 447
16 3 87 0.076103500761 0.525114155251 0 13439 8117 |0, 0, 0, 0|52, 32, 1, 2|2964, 1898, 373, 254|2504, 1575, 896, 565|760, 579, 567, 417
16 2 87 0.0806697108067 0.514459665145 0 12210 8344 |0, 0, 0, 0|52, 5, 1, 0|3055, 899, 377, 79|2666, 1447, 920, 403|734, 626, 539, 407
16 1 87 0.0791476407915 0.520547945205 0 13237 7277 |0, 0, 0, 0|52, 33, 1, 1|2801, 1863, 363, 248|2114, 1931, 808, 606|651, 766, 487, 512
17 10 87 0.076103500761 0.509893455099 0 12816 9916 |0, 0, 0, 0|52, 2, 1, 0|3458, 609, 439, 69|3245, 1065, 1058, 284|958, 549, 705, 322
17 9 87 0.0776255707763 0.526636225266 0 12232 8896 |0, 0, 0, 0|52, 4, 1, 0|3276, 691, 434, 66|2773, 1189, 979, 344|784, 668, 597, 374
17 8 87 0.089802130898 0.51598173516 0 12471 8283 |0, 0, 0, 0|52, 6, 1, 0|3042, 1016, 375, 120|2574, 1471, 886, 446|809, 678, 544, 451
17 7 87 0.0745814307458 0.509893455099 0 12307 8200 |0, 0, 0, 0|52, 6, 1, 0|3018, 950, 375, 87|2543, 1506, 869, 462|775, 671, 567, 425
17 6 87 0.0776255707763 0.51902587519 0 12837 8013 |0, 0, 0, 0|52, 16, 1, 1|3066, 1361, 408, 191|2431, 1609, 836, 489|681, 758, 538, 399
17 5 87 0.0821917808219 0.528158295282 0 12993 8962 |0, 0, 0, 0|52, 17, 1, 0|3157, 1209, 423, 152|2835, 1305, 992, 405|873, 581, 629, 362
17 4 87 0.0639269406393 0.494672754947 0 13640 9043 |0, 0, 0, 0|52, 26, 1, 1|3217, 1403, 409, 187|2913, 1374, 995, 503|848, 604, 608, 499
17 3 87 0.0791476407915 0.531202435312 0 13427 7020 |0, 0, 0, 0|52, 38, 1, 3|2570, 1883, 337, 375|2164, 1936, 785, 773|621, 799, 490, 600
17 2 87 0.0776255707763 0.51598173516 0 11988 8418 |0, 0, 0, 0|52, 4, 1, 0|3126, 837, 399, 94|2580, 1324, 920, 358|774, 621, 566, 332
17 1 87 0.0730593607306 0.517503805175 0 13274 8585 |0, 0, 0, 0|52, 22, 1, 1|3036, 1495, 391, 195|2680, 1510, 983, 486|795, 578, 647, 402
18 10 87 0.0837138508371 0.525114155251 0 12475 10380 |0, 0, 0, 0|52, 3, 1, 0|3574, 446, 435, 61|3338, 725, 1122, 243|1076, 359, 782, 258
18 9 87 0.0821917808219 0.528158295282 0 12325 8931 |0, 0, 0, 0|52, 12, 1, 0|3303, 987, 380, 131|2806, 1143, 912, 353|813, 485, 664, 283
18 8 87 0.0852359208524 0.526636225266 0 13261 9254 |0, 0, 0, 0|52, 30, 1, 1|3100, 1447, 410, 230|2961, 1181, 1084, 394|937, 431, 709, 293
18 7 87 0.076103500761 0.517503805175 0 12933 7154 |0, 0, 0, 0|52, 33, 1, 2|2645, 1795, 339, 240|2208, 1869, 754, 576|649, 780, 506, 484
18 6 87 0.0806697108067 0.532724505327 0 13035 7994 |0, 0, 0, 0|52, 29, 1, 1|2933, 1602, 394, 211|2433, 1564, 871, 518|773, 684, 537, 432
18 5 87 0.0776255707763 0.540334855403 0 13087 7143 |0, 0, 0, 0|52, 33, 1, 2|2562, 1786, 358, 197|2208, 2016, 746, 544|675, 867, 541, 499
18 4 87 0.0837138508371 0.520547945205 0 12328 8498 |0, 0, 0, 0|52, 14, 1, 1|3188, 1094, 412, 147|2626, 1348, 876, 386|757, 525, 586, 315
18 3 87 0.0745814307458 0.532724505327 0 12657 8681 |0, 0, 0, 0|52, 15, 1, 1|3090, 1243, 387, 117|2696, 1320, 977, 423|833, 513, 645, 344
18 2 87 0.089802130898 0.532724505327 0 12188 8966 |0, 0, 0, 0|52, 4, 1, 0|3202, 683, 396, 66|2913, 1253, 975, 323|792, 586, 635, 307
18 1 87 0.0837138508371 0.520547945205 0 12325 8516 |0, 0, 0, 0|52, 15, 1, 0|3066, 1072, 416, 130|2652, 1330, 935, 353|818, 605, 576, 304
19 10 87 0.0806697108067 0.535768645358 0 12629 7711 |0, 0, 0, 0|52, 18, 1, 0|2848, 1409, 340, 161|2427, 1701, 810, 482|704, 692, 529, 455
19 9 87 0.0913242009132 0.529680365297 0 12742 8645 |0, 0, 0, 0|52, 20, 1, 1|3044, 1229, 422, 138|2677, 1396, 945, 362|844, 608, 660, 343
19 8 87 0.0837138508371 0.531202435312 0 13146 9180 |0, 0, 0, 0|52, 20, 1, 1|3169, 1193, 414, 178|2944, 1267, 964, 434|946, 529, 690, 344
19 7 87 0.0700152207002 0.525114155251 0 11812 8504 |0, 0, 0, 0|52, 13, 1, 1|3144, 948, 382, 94|2701, 1173, 871, 278|814, 484, 539, 317
19 6 87 0.0867579908676 0.534246575342 0 11992 9146 |0, 0, 0, 0|52, 4, 1, 0|3238, 692, 435, 64|2885, 1056, 945, 239|922, 500, 668, 291
19 5 87 0.076103500761 0.541856925419 0 12263 8212 |0, 0, 0, 0|52, 15, 1, 1|2938, 1148, 359, 121|2653, 1435, 862, 355|760, 626, 587, 350
19 4 87 0.0730593607306 0.535768645358 0 12510 9658 |0, 0, 0, 0|52, 13, 1, 0|3279, 821, 439, 131|3168, 880, 1064, 314|932, 419, 723, 274
19 3 87 0.0837138508371 0.531202435312 0 12393 8494 |0, 0, 0, 0|52, 16, 1, 1|3086, 1022, 405, 122|2722, 1369, 904, 361|756, 638, 568, 370
19 2 87 0.0791476407915 0.523592085236 0 11991 8941 |0, 0, 0, 0|52, 4, 1, 0|3196, 639, 387, 84|2827, 1177, 949, 299|876, 551, 653, 296
19 1 87 0.0821917808219 0.528158295282 0 12895 9420 |0, 0, 0, 0|52, 16, 1, 1|3374, 1135, 414, 156|2997, 1118, 1008, 349|937, 392, 637, 308
20 10 87 0.0821917808219 0.529680365297 0 12872 7557 |0, 0, 0, 0|52, 30, 1, 1|2735, 1647, 346, 230|2299, 1736, 883, 519|693, 705, 548, 447
20 9 87 0.0837138508371 0.537290715373 0 12179 8625 |0, 0, 0, 0|52, 13, 1, 1|3189, 989, 406, 118|2727, 1244, 905, 357|793, 501, 552, 331
20 8 87 0.0776255707763 0.523592085236 0 12332 10593 |0, 0, 0, 0|52, 2, 1, 0|3613, 367, 450, 44|3488, 618, 1134, 184|1052, 320, 803, 204
20 7 87 0.0913242009132 0.540334855403 0 12833 8172 |0, 0, 0, 0|52, 18, 1, 1|2956, 1171, 399, 173|2522, 1616, 902, 460|805, 764, 535, 458
20 6 87 0.0882800608828 0.537290715373 0 12741 10022 |0, 0, 0, 0|52, 0, 1, 0|3439, 593, 434, 77|3200, 993, 1105, 263|1011, 513, 780, 280
20 5 87 0.076103500761 0.514459665145 0 12892 9923 |0, 0, 0, 0|52, 13, 1, 1|3394, 1027, 457, 116|3150, 908, 1086, 314|1006, 346, 777, 244
20 4 87 0.0837138508371 0.538812785388 0 11674 8201 |0, 0, 0, 0|52, 5, 1, 0|3060, 779, 347, 80|2568, 1339, 870, 319|736, 636, 567, 315
20 3 87 0.0776255707763 0.51902587519 0 12457 10718 |0, 0, 0, 0|52, 2, 1, 0|3579, 350, 472, 49|3544, 640, 1194, 201|1088, 305, 788, 192
20 2 87 0.0806697108067 0.528158295282 0 12951 9345 |0, 0, 0, 0|52, 14, 1, 0|3228, 1126, 394, 135|2977, 1186, 1012, 343|957, 507, 724, 295
20 1 87 0.0776255707763 0.525114155251 0 12637 10166 |0, 0, 0, 0|52, 1, 1, 0|3468, 614, 456, 58|3253, 905, 1096, 243|1069, 404, 771, 246
21 10 87 0.0806697108067 0.522070015221 0 12657 10638 |0, 0, 0, 0|52, 0, 1, 0|3540, 396, 474, 60|3506, 725, 1110, 205|1107, 390, 848, 243
21 9 87 0.0882800608828 0.540334855403 0 11773 9283 |0, 0, 0, 0|52, 4, 1, 0|3311, 494, 426, 72|2998, 949, 959, 232|888, 471, 648, 268
21 8 87 0.0837138508371 0.534246575342 0 12688 10265 |0, 0, 0, 0|52, 0, 1, 0|3572, 547, 431, 62|3329, 866, 1038, 235|1086, 464, 756, 249
21 7 87 0.0913242009132 0.528158295282 0 12174 9335 |0, 0, 0, 0|52, 4, 1, 0|3278, 526, 415, 52|3025, 1095, 1045, 272|878, 558, 641, 332
21 6 87 0.0882800608828 0.540334855403 0 13307 8067 |0, 0, 0, 0|52, 28, 1, 1|2889, 1622, 365, 216|2501, 1715, 884, 505|807, 702, 568, 451
21 5 87 0.0867579908676 0.531202435312 0 11818 8374 |0, 0, 0, 0|52, 3, 1, 0|3063, 724, 392, 69|2635, 1340, 864, 317|769, 654, 598, 337
21 4 87 0.0837138508371 0.537290715373 0 12254 8257 |0, 0, 0, 0|52, 15, 1, 0|2960, 1176, 391, 131|2661, 1401, 861, 352|751, 615, 580, 307
21 3 87 0.0882800608828 0.523592085236 0 13222 9981 |0, 0, 0, 0|52, 17, 1, 1|3377, 1026, 457, 140|3225, 1047, 1110, 339|1018, 392, 741, 279
21 2 87 0.0806697108067 0.526636225266 0 12662 10887 |0, 0, 0, 0|52, 2, 1, 0|3610, 370, 461, 37|3667, 658, 1135, 219|1147, 260, 814, 229
21 1 87 0.0943683409437 0.532724505327 0 12449 10830 |0, 0, 0, 0|52, 1, 1, 0|3631, 381, 450, 40|3564, 551, 1159, 209|1162, 268, 811, 169
22 10 87 0.0852359208524 0.532724505327 0 11959 9141 |0, 0, 0, 0|52, 1, 1, 0|3268, 638, 444, 66|2869, 1093, 962, 258|890, 514, 655, 248
22 9 87 0.0852359208524 0.540334855403 0 12961 9365 |0, 0, 0, 0|52, 17, 1, 1|3242, 1095, 408, 154|3005, 1176, 976, 367|957, 503, 724, 283
22 8 87 0.0928462709285 0.540334855403 0 12423 10279 |0, 0, 0, 0|52, 2, 1, 0|3444, 449, 443, 39|3352, 791, 1164, 242|1074, 407, 749, 214
22 7 87 0.0852359208524 0.529680365297 0 11913 8801 |0, 0, 0, 0|52, 2, 1, 0|3102, 601, 386, 58|2835, 1216, 943, 307|836, 586, 646, 342
22 6 87 0.0852359208524 0.531202435312 0 12513 9182 |0, 0, 0, 0|52, 18, 1, 1|3221, 948, 412, 146|2867, 1049, 1038, 360|912, 480, 679, 329
22 5 87 0.0882800608828 0.534246575342 0 12339 7947 |0, 0, 0, 0|52, 21, 1, 1|2859, 1315, 378, 166|2461, 1436, 923, 409|750, 647, 523, 397
22 4 87 0.0821917808219 0.529680365297 0 12847 10000 |0, 0, 0, 0|52, 15, 1, 1|3411, 956, 457, 131|3220, 884, 1047, 294|1031, 337, 781, 229
22 3 87 0.0928462709285 0.547945205479 0 11594 9795 |0, 0, 0, 0|52, 2, 1, 0|3429, 392, 421, 33|3128, 664, 1085, 175|950, 330, 729, 203
22 2 87 0.0913242009132 0.538812785388 0 12328 10839 |0, 0, 0, 0|52, 2, 1, 0|3587, 366, 472, 31|3477, 567, 1218, 153|1163, 231, 869, 139
22 1 87 0.0806697108067 0.541856925419 0 12657 9267 |0, 0, 0, 0|52, 15, 1, 1|3225, 1044, 411, 121|2956, 1142, 998, 319|962, 479, 662, 269
23 10 87 0.089802130898 0.540334855403 0 12450 10610 |0, 0, 0, 0|52, 3, 1, 0|3602, 425, 463, 46|3415, 674, 1145, 179|1131, 329, 801, 184
23 9 87 0.0928462709285 0.541856925419 0 12800 10021 |0, 0, 0, 0|52, 15, 1, 0|3485, 991, 423, 114|3272, 853, 1081, 292|972, 295, 735, 219
23 8 87 0.0958904109589 0.543378995434 0 12242 10654 |0, 0, 0, 0|52, 0, 1, 0|3643, 334, 405, 50|3513, 530, 1103, 196|1163, 300, 774, 178
23 7 87 0.0867579908676 0.540334855403 0 12112 9458 |0, 0, 0, 0|52, 1, 1, 0|3355, 469, 438, 40|3007, 1022, 1039, 250|878, 578, 688, 294
23 6 87 0.0821917808219 0.537290715373 0 12522 10040 |0, 0, 0, 0|52, 15, 1, 0|3397, 839, 421, 122|3204, 777, 1101, 260|1094, 290, 770, 179
23 5 87 0.0837138508371 0.541856925419 0 12666 7389 |0, 0, 0, 0|52, 33, 1, 2|2712, 1758, 357, 237|2261, 1655, 802, 451|680, 724, 524, 417
23 4 87 0.0882800608828 0.547945205479 0 13113 8976 |0, 0, 0, 0|52, 30, 1, 1|3084, 1525, 386, 196|2855, 1252, 1015, 417|902, 445, 681, 271
23 3 87 0.0821917808219 0.535768645358 0 12336 10318 |0, 0, 0, 0|52, 3, 1, 0|3514, 464, 439, 56|3384, 775, 1096, 191|1083, 351, 749, 178
23 2 87 0.0791476407915 0.535768645358 0 11982 8320 |0, 0, 0, 0|52, 15, 1, 1|3045, 1107, 393, 124|2639, 1265, 826, 340|839, 515, 525, 295
23 1 87 0.0852359208524 0.546423135464 0 11939 8800 |0, 0, 0, 0|52, 15, 1, 0|3135, 940, 389, 135|2849, 1042, 940, 320|808, 421, 626, 266
24 10 87 0.0943683409437 0.543378995434 0 12292 10854 |0, 0, 0, 0|52, 1, 1, 0|3590, 303, 458, 19|3499, 538, 1228, 127|1169, 298, 857, 152
24 9 87 0.0928462709285 0.543378995434 0 12222 11146 |0, 0, 0, 0|52, 3, 1, 0|3712, 294, 450, 36|3623, 363, 1242, 115|1177, 166, 889, 99
24 8 87 0.0882800608828 0.546423135464 0 12134 8743 |0, 0, 0, 0|52, 15, 1, 0|3067, 987, 380, 108|2791, 1187, 926, 324|909, 495, 617, 275
24 7 87 0.0928462709285 0.549467275495 0 12365 10669 |0, 0, 0, 0|52, 3, 1, 0|3575, 429, 416, 32|3396, 627, 1241, 127|1104, 294, 884, 184
24 6 87 0.0928462709285 0.541856925419 0 12280 8960 |0, 0, 0, 0|52, 14, 1, 1|3177, 942, 411, 124|2832, 1139, 987, 300|862, 495, 638, 305
24 5 87 0.0943683409437 0.555555555556 0 12937 10184 |0, 0, 0, 0|52, 17, 1, 1|3287, 847, 450, 129|3358, 895, 1196, 262|1044, 343, 796, 259
24 4 87 0.0928462709285 0.549467275495 0 12266 10844 |0, 0, 0, 0|52, 1, 1, 0|3638, 349, 440, 43|3544, 499, 1196, 146|1149, 258, 824, 126
24 3 87 0.0882800608828 0.549467275495 0 13047 9178 |0, 0, 0, 0|52, 19, 1, 1|3129, 1158, 428, 142|2893, 1263, 1041, 402|903, 549, 731, 335
24 2 87 0.0913242009132 0.540334855403 0 12299 11498 |0, 0, 0, 0|52, 2, 1, 0|3748, 211, 473, 28|3862, 244, 1258, 77|1201, 149, 903, 90
24 1 87 0.0821917808219 0.540334855403 0 13138 9021 |0, 0, 0, 0|52, 30, 1, 1|3091, 1530, 383, 212|2832, 1230, 999, 407|949, 420, 714, 287
25 10 87 0.089802130898 0.547945205479 0 11369 9285 |0, 0, 0, 0|52, 2, 1, 0|3289, 447, 425, 42|2935, 761, 1004, 184|901, 429, 678, 219
25 9 87 0.0852359208524 0.543378995434 0 12331 10084 |0, 0, 0, 0|52, 4, 1, 0|3410, 498, 415, 54|3331, 832, 1077, 188|1043, 427, 755, 244
25 8 87 0.0943683409437 0.549467275495 0 11629 9981 |0, 0, 0, 0|52, 0, 1, 0|3468, 328, 448, 32|3124, 666, 1073, 148|1044, 309, 771, 165
25 7 87 0.0943683409437 0.547945205479 0 11538 9644 |0, 0, 0, 0|52, 0, 1, 0|3275, 316, 420, 33|3093, 734, 1132, 174|989, 427, 682, 210
25 6 87 0.0943683409437 0.547945205479 0 11612 9566 |0, 0, 0, 0|52, 2, 1, 0|3321, 450, 420, 50|3097, 774, 1070, 193|948, 348, 657, 229
25 5 87 0.0837138508371 0.547945205479 0 12963 10183 |0, 0, 0, 0|52, 13, 1, 0|3422, 815, 452, 110|3333, 936, 1126, 301|1030, 381, 767, 224
25 4 87 0.0913242009132 0.552511415525 0 12800 10445 |0, 0, 0, 0|52, 17, 1, 1|3501, 860, 451, 143|3316, 645, 1197, 261|1098, 252, 829, 176
25 3 87 0.089802130898 0.549467275495 0 11731 9475 |0, 0, 0, 0|52, 12, 1, 0|3279, 700, 420, 112|3055, 743, 1025, 197|981, 336, 662, 156
25 2 87 0.0913242009132 0.55098934551 0 12343 10563 |0, 0, 0, 0|52, 0, 1, 0|3576, 410, 446, 34|3430, 651, 1186, 159|1103, 320, 769, 206
25 1 87 0.0837138508371 0.543378995434 0 12275 10272 |0, 0, 0, 0|52, 0, 1, 0|3564, 405, 440, 26|3348, 760, 1108, 179|1028, 402, 731, 231
26 10 87 0.0806697108067 0.540334855403 0 11226 9174 |0, 0, 0, 0|52, 3, 1, 0|3256, 403, 391, 32|2964, 741, 1018, 179|806, 466, 686, 228
26 9 87 0.0958904109589 0.549467275495 0 12318 8962 |0, 0, 0, 0|52, 17, 1, 1|3121, 964, 436, 109|2780, 1137, 1033, 280|860, 546, 679, 302
26 8 87 0.0943683409437 0.555555555556 0 12538 11168 |0, 0, 0, 0|52, 2, 1, 0|3639, 372, 482, 42|3709, 520, 1221, 130|1192, 198, 872, 106
26 7 87 0.0958904109589 0.544901065449 0 12173 11280 |0, 0, 0, 0|52, 1, 1, 0|3713, 232, 523, 27|3616, 331, 1223, 94|1219, 121, 933, 87
26 6 87 0.089802130898 0.549467275495 0 12037 10661 |0, 0, 0, 0|52, 2, 1, 0|3625, 327, 464, 20|3501, 507, 1106, 155|1118, 254, 794, 111
26 5 87 0.0913242009132 0.55403348554 0 12576 9909 |0, 0, 0, 0|52, 14, 1, 0|3434, 898, 383, 127|3220, 849, 1085, 262|1019, 319, 715, 198
26 4 87 0.0913242009132 0.552511415525 0 12062 10330 |0, 0, 0, 0|52, 1, 1, 0|3590, 376, 429, 43|3352, 602, 1113, 191|1014, 314, 779, 205
26 3 87 0.0837138508371 0.543378995434 0 11314 9648 |0, 0, 0, 0|52, 0, 1, 0|3346, 278, 413, 21|3151, 710, 1103, 132|905, 341, 677, 184
26 2 87 0.089802130898 0.543378995434 0 12754 9985 |0, 0, 0, 0|52, 17, 1, 1|3304, 895, 433, 140|3196, 885, 1163, 270|1061, 359, 775, 202
26 1 87 0.0852359208524 0.546423135464 0 11986 10547 |0, 0, 0, 0|52, 3, 1, 0|3492, 380, 486, 49|3410, 520, 1162, 137|1122, 213, 822, 137
27 10 87 0.0928462709285 0.560121765601 0 12251 11181 |0, 0, 0, 0|52, 2, 1, 0|3724, 281, 469, 26|3633, 388, 1159, 98|1249, 169, 894, 106
27 9 87 0.0943683409437 0.549467275495 0 12030 11091 |0, 0, 0, 0|52, 3, 1, 0|3724, 249, 430, 31|3614, 305, 1236, 103|1206, 147, 828, 101
27 8 87 0.0943683409437 0.555555555556 0 12183 10887 |0, 0, 0, 0|52, 2, 1, 0|3666, 329, 453, 32|3476, 458, 1194, 115|1200, 220, 845, 140
27 7 87 0.0943683409437 0.552511415525 0 12184 10976 |0, 0, 0, 0|52, 0, 1, 0|3705, 277, 486, 19|3511, 469, 1241, 105|1192, 209, 788, 129
27 6 87 0.089802130898 0.547945205479 0 12230 11321 |0, 0, 0, 0|52, 0, 1, 0|3746, 199, 465, 27|3646, 317, 1274, 103|1238, 165, 899, 98
27 5 87 0.0974124809741 0.555555555556 0 11499 10273 |0, 0, 0, 0|52, 1, 1, 0|3564, 173, 438, 14|3316, 470, 1147, 140|1006, 273, 749, 155
27 4 87 0.100456621005 0.55098934551 0 11589 10300 |0, 0, 0, 0|52, 0, 1, 0|3540, 219, 441, 14|3342, 503, 1145, 107|1011, 298, 768, 148
27 3 87 0.0958904109589 0.55098934551 0 11452 9392 |0, 0, 0, 0|52, 2, 1, 0|3334, 436, 420, 42|2950, 716, 1019, 189|927, 439, 689, 236
27 2 87 0.0974124809741 0.55098934551 0 12150 11237 |0, 0, 0, 0|52, 2, 1, 0|3691, 216, 506, 14|3640, 326, 1246, 103|1161, 157, 940, 95
27 1 87 0.0913242009132 0.547945205479 0 11924 11042 |0, 0, 0, 0|52, 0, 1, 0|3684, 179, 475, 11|3520, 338, 1283, 81|1157, 160, 870, 113
28 10 87 0.10197869102 0.555555555556 0 11638 10470 |0, 0, 0, 0|52, 0, 1, 0|3555, 177, 464, 18|3390, 436, 1151, 109|1068, 275, 789, 153
28 9 87 0.089802130898 0.55098934551 0 12052 11546 |0, 0, 0, 0|52, 0, 1, 0|3791, 131, 490, 19|3749, 168, 1246, 46|1273, 87, 944, 55
28 8 87 0.0958904109589 0.560121765601 0 12886 11218 |0, 0, 0, 0|52, 1, 1, 0|3685, 390, 467, 41|3622, 628, 1254, 170|1271, 267, 866, 171
28 7 87 0.0882800608828 0.549467275495 0 12427 10103 |0, 0, 0, 0|52, 12, 1, 0|3381, 743, 430, 101|3321, 791, 1137, 202|1044, 294, 737, 181
28 6 87 0.0882800608828 0.540334855403 0 12076 10764 |0, 0, 0, 0|52, 2, 1, 0|3560, 334, 447, 30|3495, 460, 1210, 131|1158, 225, 841, 130
28 5 87 0.0913242009132 0.538812785388 0 12419 10894 |0, 0, 0, 0|52, 12, 1, 0|3656, 620, 424, 74|3508, 430, 1175, 160|1145, 134, 933, 95
28 4 87 0.100456621005 0.557077625571 0 11928 11173 |0, 0, 0, 0|52, 0, 1, 0|3721, 200, 470, 28|3553, 244, 1278, 77|1236, 114, 862, 92
28 3 87 0.0913242009132 0.558599695586 0 12390 10297 |0, 0, 0, 0|52, 13, 1, 0|3474, 727, 414, 114|3407, 676, 1078, 206|1065, 216, 806, 141
28 2 87 0.0974124809741 0.560121765601 0 12056 11361 |0, 0, 0, 0|52, 3, 1, 0|3738, 162, 505, 25|3693, 225, 1258, 69|1231, 130, 883, 81
28 1 87 0.0974124809741 0.555555555556 0 12078 11086 |0, 0, 0, 0|52, 0, 1, 0|3643, 195, 477, 17|3679, 353, 1233, 105|1135, 202, 866, 120
29 10 87 0.0974124809741 0.55098934551 0 11614 10156 |0, 0, 0, 0|52, 2, 1, 0|3458, 262, 433, 17|3242, 574, 1129, 115|1100, 315, 741, 173
29 9 87 0.0913242009132 0.55098934551 0 11899 11406 |0, 0, 0, 0|52, 0, 1, 0|3721, 88, 454, 26|3772, 170, 1265, 51|1289, 101, 852, 57
29 8 87 0.0974124809741 0.555555555556 0 11993 11190 |0, 0, 0, 0|52, 2, 1, 0|3652, 236, 467, 33|3624, 249, 1283, 72|1218, 114, 893, 97
29 7 87 0.0943683409437 0.557077625571 0 12022 11228 |0, 0, 0, 0|52, 0, 1, 0|3689, 132, 500, 16|3590, 288, 1248, 97|1248, 156, 900, 105
29 6 87 0.0974124809741 0.547945205479 0 11687 11198 |0, 0, 0, 0|52, 2, 1, 0|3729, 134, 475, 18|3620, 139, 1278, 66|1164, 73, 879, 57
29 5 87 0.100456621005 0.564687975647 0 11196 9857 |0, 0, 0, 0|52, 1, 1, 0|3398, 213, 420, 23|3156, 532, 1057, 96|1033, 322, 740, 152
29 4 87 0.100456621005 0.55098934551 0 11454 10357 |0, 0, 0, 0|52, 0, 1, 0|3608, 148, 442, 7|3362, 446, 1123, 75|1057, 285, 712, 136
29 3 87 0.0882800608828 0.55403348554 0 12224 9999 |0, 0, 0, 0|52, 14, 1, 0|3478, 815, 406, 99|3165, 672, 1123, 209|1005, 253, 769, 163
29 2 87 0.0989345509893 0.555555555556 0 11345 9741 |0, 0, 0, 0|52, 1, 1, 0|3371, 295, 413, 17|3155, 618, 1058, 132|981, 353, 710, 188
29 1 87 0.100456621005 0.549467275495 0 12070 11847 |0, 0, 0, 0|52, 0, 1, 0|3857, 52, 502, 6|3876, 78, 1270, 23|1339, 33, 950, 31
30 10 87 0.0974124809741 0.557077625571 0 12002 11725 |0, 0, 0, 0|52, 0, 1, 0|3826, 65, 555, 8|3750, 112, 1301, 30|1273, 35, 967, 27
30 9 87 0.100456621005 0.557077625571 0 11930 11444 |0, 0, 0, 0|52, 0, 1, 0|3769, 146, 486, 12|3659, 165, 1286, 69|1294, 57, 897, 37
30 8 87 0.0989345509893 0.561643835616 0 11775 11284 |0, 0, 0, 0|52, 0, 1, 0|3760, 106, 482, 19|3603, 151, 1267, 54|1224, 87, 895, 74
30 7 87 0.0974124809741 0.560121765601 0 11678 10195 |0, 0, 0, 0|52, 1, 1, 0|3430, 221, 421, 19|3352, 604, 1161, 124|1049, 348, 729, 166
30 6 87 0.103500761035 0.55403348554 0 11542 10646 |0, 0, 0, 0|52, 0, 1, 0|3688, 139, 418, 11|3462, 352, 1159, 69|1095, 218, 771, 107
30 5 87 0.0989345509893 0.555555555556 0 12137 11824 |0, 0, 0, 0|52, 0, 1, 0|3848, 67, 520, 14|3931, 105, 1264, 47|1248, 41, 960, 39
30 4 87 0.0974124809741 0.560121765601 0 12181 11243 |0, 0, 0, 0|52, 0, 1, 0|3680, 192, 470, 18|3631, 337, 1323, 79|1186, 197, 900, 115
30 3 87 0.0989345509893 0.558599695586 0 12066 10962 |0, 0, 0, 0|52, 3, 1, 0|3676, 286, 478, 31|3472, 404, 1224, 91|1196, 184, 863, 105
30 2 87 0.0943683409437 0.555555555556 0 11924 11211 |0, 0, 0, 0|52, 0, 1, 0|3693, 120, 481, 9|3624, 271, 1228, 57|1257, 161, 875, 95
30 1 87 0.0943683409437 0.555555555556 0 11967 11332 |0, 0, 0, 0|52, 0, 1, 0|3684, 102, 429, 9|3707, 246, 1320, 66|1241, 128, 898, 84
31 10 87 0.0974124809741 0.566210045662 0 12000 11546 |0, 0, 0, 0|52, 0, 1, 0|3728, 98, 511, 5|3755, 162, 1334, 42|1239, 93, 926, 54
31 9 87 0.100456621005 0.564687975647 0 11925 11798 |0, 0, 0, 0|52, 0, 1, 0|3830, 32, 468, 6|3897, 44, 1320, 9|1258, 22, 972, 14
31 8 87 0.0989345509893 0.564687975647 0 11698 11247 |0, 0, 0, 0|52, 0, 1, 0|3741, 63, 437, 13|3712, 171, 1224, 60|1226, 88, 854, 56
31 7 87 0.0943683409437 0.558599695586 0 11870 11331 |0, 0, 0, 0|52, 0, 1, 0|3748, 144, 457, 9|3663, 198, 1257, 61|1228, 63, 925, 64
31 6 87 0.0974124809741 0.563165905632 0 11967 11135 |0, 0, 0, 0|52, 0, 1, 0|3610, 134, 472, 7|3605, 294, 1287, 100|1236, 204, 872, 93
31 5 87 0.0958904109589 0.557077625571 0 11249 10300 |0, 0, 0, 0|52, 0, 1, 0|3495, 117, 447, 8|3312, 383, 1107, 68|1115, 262, 771, 111
31 4 87 0.100456621005 0.563165905632 0 12148 11453 |0, 0, 0, 0|52, 0, 1, 0|3762, 156, 465, 8|3727, 283, 1249, 57|1282, 119, 915, 72
31 3 87 0.0928462709285 0.558599695586 0 12208 11194 |0, 0, 0, 0|52, 1, 1, 0|3702, 250, 459, 19|3682, 400, 1267, 89|1145, 164, 886, 91
31 2 87 0.10197869102 0.560121765601 0 12125 11904 |0, 0, 0, 0|52, 0, 1, 0|3852, 66, 468, 11|3960, 83, 1308, 18|1294, 24, 969, 19
31 1 87 0.100456621005 0.561643835616 0 11953 11376 |0, 0, 0, 0|52, 2, 1, 0|3765, 133, 502, 13|3655, 193, 1306, 47|1234, 129, 861, 60
32 10 87 0.0958904109589 0.561643835616 0 12006 11461 |0, 0, 0, 0|52, 1, 1, 0|3832, 100, 489, 13|3688, 218, 1238, 59|1273, 112, 888, 42
32 9 87 0.103500761035 0.558599695586 0 12143 11907 |0, 0, 0, 0|52, 0, 1, 0|3852, 54, 502, 1|3938, 100, 1288, 17|1317, 36, 957, 28
32 8 87 0.0989345509893 0.560121765601 0 11386 10052 |0, 0, 0, 0|52, 0, 1, 0|3489, 236, 441, 15|3170, 522, 1082, 113|1070, 309, 747, 139
32 7 87 0.0943683409437 0.557077625571 0 11952 11650 |0, 0, 0, 0|52, 0, 1, 0|3853, 27, 483, 6|3717, 126, 1370, 42|1265, 59, 909, 42
32 6 87 0.103500761035 0.558599695586 0 11430 10638 |0, 0, 0, 0|52, 0, 1, 0|3573, 95, 447, 6|3509, 345, 1122, 77|1158, 177, 776, 92
32 5 87 0.0974124809741 0.561643835616 0 11929 11699 |0, 0, 0, 0|52, 0, 1, 0|3807, 41, 471, 2|3782, 88, 1327, 19|1300, 59, 959, 21
32 4 87 0.10197869102 0.563165905632 0 11815 11340 |0, 0, 0, 0|52, 1, 1, 0|3756, 112, 464, 19|3771, 154, 1215, 61|1199, 71, 882, 57
32 3 87 0.10197869102 0.560121765601 0 11983 11579 |0, 0, 0, 0|52, 0, 1, 0|3737, 86, 479, 11|3783, 146, 1315, 37|1232, 85, 980, 39
32 2 87 0.103500761035 0.564687975647 0 11808 11509 |0, 0, 0, 0|52, 1, 1, 0|3786, 78, 501, 25|3778, 107, 1264, 31|1271, 33, 856, 24
32 1 87 0.103500761035 0.561643835616 0 11225 10454 |0, 0, 0, 0|52, 1, 1, 0|3530, 94, 455, 9|3387, 329, 1164, 58|1100, 181, 765, 99
33 10 87 0.100456621005 0.566210045662 0 11903 11682 |0, 0, 0, 0|52, 0, 1, 0|3777, 105, 508, 7|3820, 59, 1346, 30|1283, 9, 895, 11
33 9 87 0.100456621005 0.566210045662 0 11361 10609 |0, 0, 0, 0|52, 0, 1, 0|3606, 85, 463, 10|3488, 311, 1116, 67|1109, 193, 774, 86
33 8 87 0.100456621005 0.566210045662 0 11923 11363 |0, 0, 0, 0|52, 1, 1, 0|3727, 116, 461, 4|3701, 206, 1272, 29|1244, 125, 905, 79
33 7 87 0.10197869102 0.561643835616 0 11946 11714 |0, 0, 0, 0|52, 0, 1, 0|3828, 37, 476, 0|3822, 90, 1339, 15|1265, 54, 931, 36
33 6 87 0.10197869102 0.564687975647 0 11743 11659 |0, 0, 0, 0|52, 0, 1, 0|3837, 12, 498, 0|3776, 37, 1309, 9|1257, 13, 929, 13
33 5 87 0.10197869102 0.558599695586 0 11811 11492 |0, 0, 0, 0|52, 0, 1, 0|3858, 63, 457, 5|3735, 107, 1250, 45|1225, 61, 914, 38
33 4 87 0.0974124809741 0.567732115677 0 12088 10626 |0, 0, 0, 0|52, 13, 1, 1|3544, 572, 454, 70|3501, 432, 1161, 140|1137, 138, 776, 96
33 3 87 0.103500761035 0.564687975647 0 11310 10536 |0, 0, 0, 0|52, 0, 1, 0|3615, 109, 477, 8|3333, 333, 1157, 67|1091, 175, 810, 82
33 2 87 0.103500761035 0.560121765601 0 11923 11760 |0, 0, 0, 0|52, 0, 1, 0|3842, 28, 477, 5|3828, 63, 1364, 16|1274, 34, 922, 17
33 1 87 0.10197869102 0.561643835616 0 11808 11749 |0, 0, 0, 0|52, 0, 1, 0|3824, 10, 480, 1|3873, 18, 1325, 9|1287, 15, 907, 6
34 10 87 0.103500761035 0.567732115677 0 11820 11783 |0, 0, 0, 0|52, 0, 1, 0|3755, 11, 513, 0|3986, 9, 1208, 4|1351, 5, 917, 8
34 9 87 0.103500761035 0.566210045662 0 11647 11630 |0, 0, 0, 0|52, 0, 1, 0|3819, 1, 515, 0|3767, 8, 1256, 1|1272, 3, 948, 4
34 8 87 0.103500761035 0.566210045662 0 12102 12064 |0, 0, 0, 0|52, 1, 1, 0|3854, 4, 499, 3|3998, 13, 1353, 8|1314, 3, 993, 6
34 7 87 0.10197869102 0.567732115677 0 11657 11395 |0, 0, 0, 0|52, 1, 1, 0|3740, 52, 461, 0|3776, 123, 1259, 21|1213, 42, 893, 23
34 6 87 0.103500761035 0.566210045662 0 11869 11811 |0, 0, 0, 0|52, 0, 1, 0|3766, 4, 464, 5|3960, 11, 1343, 12|1246, 12, 979, 14
34 5 87 0.100456621005 0.567732115677 0 11896 11295 |0, 0, 0, 0|52, 0, 1, 0|3772, 127, 489, 14|3665, 231, 1192, 58|1258, 112, 866, 59
34 4 87 0.10197869102 0.564687975647 0 11849 11660 |0, 0, 0, 0|52, 0, 1, 0|3756, 24, 476, 0|3854, 83, 1315, 13|1285, 47, 921, 22
34 3 87 0.0989345509893 0.563165905632 0 12012 11878 |0, 0, 0, 0|52, 0, 1, 0|3872, 29, 516, 13|3924, 54, 1285, 9|1288, 21, 940, 8
34 2 87 0.103500761035 0.567732115677 0 12068 12019 |0, 0, 0, 0|52, 1, 1, 0|3891, 6, 487, 8|3976, 17, 1320, 6|1330, 7, 962, 4
34 1 87 0.103500761035 0.567732115677 0 11971 11874 |0, 0, 0, 0|52, 0, 1, 0|3843, 26, 506, 4|3939, 29, 1326, 17|1279, 9, 928, 12
35 10 87 0.103500761035 0.567732115677 0 11769 11676 |0, 0, 0, 0|52, 2, 1, 0|3836, 67, 466, 9|3707, 9, 1354, 2|1277, 1, 983, 3
35 9 87 0.103500761035 0.567732115677 0 11743 11730 |0, 0, 0, 0|52, 0, 1, 0|3809, 0, 493, 0|3828, 6, 1282, 2|1300, 2, 965, 3
35 8 87 0.103500761035 0.567732115677 0 11773 11767 |0, 0, 0, 0|52, 0, 1, 0|3815, 0, 496, 0|3861, 0, 1285, 0|1306, 0, 951, 6
35 7 87 0.103500761035 0.567732115677 0 11825 11822 |0, 0, 0, 0|52, 0, 1, 0|3809, 0, 516, 0|3799, 0, 1329, 0|1316, 0, 1000, 3
35 6 87 0.103500761035 0.566210045662 0 11746 11742 |0, 0, 0, 0|52, 0, 1, 0|3797, 0, 473, 0|3935, 0, 1277, 1|1309, 2, 898, 1
35 5 87 0.103500761035 0.567732115677 0 11745 11744 |0, 0, 0, 0|52, 0, 1, 0|3824, 0, 489, 0|3864, 0, 1288, 0|1265, 0, 961, 1
35 4 87 0.103500761035 0.567732115677 0 11907 11842 |0, 0, 0, 0|52, 0, 1, 0|3803, 24, 475, 5|3973, 21, 1321, 4|1269, 6, 948, 5
35 3 87 0.103500761035 0.567732115677 0 11741 11716 |0, 0, 0, 0|52, 0, 1, 0|3851, 2, 519, 0|3779, 10, 1258, 3|1334, 4, 922, 6
35 2 87 0.103500761035 0.567732115677 0 11760 11759 |0, 0, 0, 0|52, 0, 1, 0|3898, 0, 477, 0|3852, 0, 1256, 1|1295, 0, 928, 0
35 1 87 0.103500761035 0.566210045662 0 11928 11927 |0, 0, 0, 0|52, 0, 1, 0|3825, 0, 510, 0|3955, 0, 1309, 0|1296, 0, 979, 1
36 10 87 0.103500761035 0.567732115677 0 11677 11676 |0, 0, 0, 0|52, 0, 1, 0|3893, 0, 492, 0|3784, 0, 1321, 0|1220, 0, 913, 1
36 9 87 0.103500761035 0.567732115677 0 11852 11850 |0, 0, 0, 0|52, 0, 1, 0|3894, 0, 528, 0|3881, 0, 1308, 0|1270, 1, 916, 1
36 8 87 0.103500761035 0.567732115677 0 11784 11782 |0, 0, 0, 0|52, 0, 1, 0|3791, 0, 480, 0|3925, 0, 1326, 0|1283, 0, 924, 2
36 7 87 0.103500761035 0.567732115677 0 11825 11821 |0, 0, 0, 0|52, 0, 1, 0|3832, 0, 466, 0|3842, 2, 1304, 1|1319, 0, 1005, 1
36 6 87 0.103500761035 0.567732115677 0 11726 11723 |0, 0, 0, 0|52, 0, 1, 0|3692, 0, 479, 0|3966, 1, 1320, 0|1279, 0, 934, 2
36 5 87 0.103500761035 0.567732115677 0 11886 11885 |0, 0, 0, 0|52, 0, 1, 0|3878, 0, 498, 0|3875, 0, 1349, 0|1324, 0, 908, 1
36 4 87 0.103500761035 0.567732115677 0 11851 11848 |0, 0, 0, 0|52, 0, 1, 0|3839, 0, 497, 0|3884, 1, 1362, 0|1268, 0, 945, 2
36 3 87 0.103500761035 0.567732115677 0 11778 11773 |0, 0, 0, 0|52, 0, 1, 0|3852, 0, 454, 0|3853, 0, 1396, 1|1272, 0, 893, 4
36 2 87 0.103500761035 0.567732115677 0 11689 11687 |0, 0, 0, 0|52, 0, 1, 0|3677, 0, 498, 0|3907, 0, 1285, 2|1297, 0, 970, 0
36 1 87 0.103500761035 0.567732115677 0 11808 11806 |0, 0, 0, 0|52, 0, 1, 0|3915, 0, 479, 0|3748, 0, 1314, 1|1304, 0, 993, 1
