Cutoff >1
N1 20000
MaxLen1 12
nHaps NHaps nSp single_nucleotide_pDNCs pDNC_recovered
2 10 11 0.00607902735562 0.231003039514 34 1795 603 |24, 10, 0, 0|294, 458, 0, 0|267, 638, 0, 0|18, 81, 0, 0|0, 5, 0, 0
2 9 11 0.00607902735562 0.23556231003 34 1492 576 |24, 10, 0, 0|325, 251, 0, 0|221, 587, 0, 0|3, 60, 0, 0|3, 8, 0, 0
2 8 11 0.0379939209726 0.246200607903 30 1450 639 |24, 6, 0, 0|313, 177, 0, 0|287, 553, 0, 0|14, 69, 0, 0|1, 6, 0, 0
2 7 11 0.0395136778116 0.237082066869 30 1662 688 |24, 6, 0, 0|292, 194, 0, 0|355, 681, 0, 0|17, 87, 0, 0|0, 6, 0, 0
2 6 11 0.00911854103343 0.23556231003 34 2200 616 |24, 10, 0, 0|328, 401, 0, 12|253, 864, 0, 182|11, 86, 0, 6|0, 10, 0, 13
2 5 11 0.0425531914894 0.246200607903 30 1591 690 |24, 6, 0, 0|293, 197, 0, 0|353, 540, 0, 0|16, 146, 0, 0|4, 12, 0, 0
2 4 11 0.0379939209726 0.240121580547 29 1410 545 |24, 5, 0, 0|288, 238, 0, 6|196, 402, 0, 42|36, 129, 0, 24|1, 15, 0, 4
2 3 11 0.0379939209726 0.241641337386 28 1684 590 |24, 4, 0, 0|355, 258, 0, 6|194, 586, 0, 80|17, 116, 0, 28|0, 11, 0, 5
2 2 11 0.0349544072948 0.234042553191 28 1584 626 |24, 4, 0, 0|343, 209, 0, 0|244, 648, 0, 0|14, 89, 0, 0|1, 8, 0, 0
2 1 11 0.0395136778116 0.238601823708 30 1761 698 |24, 6, 0, 0|290, 190, 0, 0|373, 797, 0, 0|11, 68, 0, 0|0, 2, 0, 0
3 10 11 0.0379939209726 0.243161094225 30 1658 798 |24, 6, 0, 0|288, 170, 0, 0|464, 621, 0, 0|21, 61, 0, 0|1, 2, 0, 0
3 9 11 0.0440729483283 0.246200607903 26 1920 979 |24, 2, 0, 0|364, 131, 0, 0|543, 681, 0, 0|45, 119, 0, 0|3, 8, 0, 0
3 8 11 0.0410334346505 0.247720364742 30 1625 670 |24, 6, 0, 0|267, 131, 0, 2|351, 660, 1, 26|26, 120, 0, 1|1, 7, 0, 2
3 7 11 0.0410334346505 0.240121580547 30 1758 790 |24, 6, 0, 0|300, 213, 0, 0|428, 576, 0, 0|35, 155, 0, 0|3, 18, 0, 0
3 6 11 0.00455927051672 0.231003039514 35 1773 633 |24, 11, 0, 0|293, 392, 0, 0|291, 667, 0, 0|25, 64, 0, 0|0, 6, 0, 0
3 5 11 0.0410334346505 0.246200607903 29 1645 635 |24, 5, 0, 0|323, 225, 0, 3|267, 546, 0, 33|20, 186, 0, 5|1, 3, 0, 4
3 4 11 0.0349544072948 0.237082066869 29 1696 743 |24, 5, 0, 0|324, 212, 0, 0|362, 533, 0, 0|29, 177, 0, 0|4, 26, 0, 0
3 3 11 0.0395136778116 0.252279635258 29 1500 684 |24, 5, 0, 0|326, 195, 0, 0|318, 530, 0, 0|16, 74, 0, 0|0, 12, 0, 0
3 2 11 0.0395136778116 0.23556231003 31 1767 677 |24, 7, 0, 0|234, 156, 0, 0|395, 728, 0, 0|23, 185, 0, 0|1, 14, 0, 0
3 1 11 0.0379939209726 0.249240121581 27 1512 859 |24, 3, 0, 0|361, 152, 0, 0|412, 416, 0, 0|59, 76, 0, 0|3, 6, 0, 0
4 10 11 0.0410334346505 0.247720364742 28 1832 837 |24, 4, 0, 0|324, 210, 0, 2|427, 571, 0, 14|58, 167, 0, 4|4, 22, 0, 1
4 9 11 0.0349544072948 0.247720364742 29 1903 809 |24, 5, 0, 0|326, 210, 0, 0|436, 771, 0, 0|23, 101, 0, 0|0, 7, 0, 0
4 8 11 0.0410334346505 0.252279635258 26 1789 849 |24, 2, 0, 0|393, 154, 0, 0|408, 651, 0, 0|23, 122, 0, 0|1, 11, 0, 0
4 7 11 0.0440729483283 0.247720364742 26 1763 933 |24, 2, 0, 0|366, 134, 0, 1|507, 573, 0, 13|34, 95, 0, 4|2, 8, 0, 0
4 6 11 0.0395136778116 0.249240121581 26 1887 1053 |24, 2, 0, 0|363, 101, 0, 0|619, 610, 0, 0|44, 110, 0, 0|3, 11, 0, 0
4 5 11 0.0425531914894 0.252279635258 29 1981 971 |24, 5, 0, 0|333, 152, 0, 0|572, 691, 0, 0|40, 144, 0, 0|2, 18, 0, 0
4 4 11 0.0440729483283 0.249240121581 29 1799 838 |24, 5, 0, 0|333, 185, 0, 0|451, 605, 0, 0|28, 138, 0, 0|2, 28, 0, 0
4 3 11 0.0425531914894 0.250759878419 27 1653 742 |24, 3, 0, 0|355, 169, 0, 0|325, 633, 0, 0|35, 95, 0, 0|3, 11, 0, 0
4 2 11 0.0395136778116 0.246200607903 28 1692 1037 |24, 4, 0, 0|330, 141, 0, 0|613, 438, 0, 0|64, 62, 0, 0|6, 10, 0, 0
4 1 11 0.0395136778116 0.253799392097 27 1705 895 |24, 3, 0, 0|362, 167, 0, 0|478, 554, 0, 1|28, 76, 0, 1|3, 8, 0, 0
5 10 11 0.0455927051672 0.256838905775 27 2284 1047 |24, 3, 0, 0|422, 210, 0, 4|537, 698, 0, 64|62, 199, 0, 46|2, 9, 0, 4
5 9 11 0.0455927051672 0.256838905775 28 1929 896 |24, 4, 0, 0|354, 213, 0, 0|475, 664, 0, 0|37, 142, 0, 0|6, 10, 0, 0
5 8 11 0.0425531914894 0.247720364742 27 2371 1111 |24, 3, 0, 0|420, 206, 0, 0|613, 926, 0, 0|46, 112, 0, 0|8, 13, 0, 0
5 7 11 0.048632218845 0.261398176292 29 2485 1111 |24, 5, 0, 0|351, 145, 0, 0|675, 1094, 0, 0|57, 117, 0, 0|4, 13, 0, 0
5 6 11 0.0471124620061 0.253799392097 26 1882 979 |24, 2, 0, 0|386, 160, 0, 0|509, 545, 0, 0|57, 190, 0, 0|3, 6, 0, 0
5 5 11 0.0455927051672 0.259878419453 27 1897 930 |24, 3, 0, 0|356, 157, 0, 0|514, 733, 0, 0|34, 71, 0, 0|2, 3, 0, 0
5 4 11 0.0455927051672 0.247720364742 29 1953 1066 |24, 5, 0, 0|352, 148, 0, 0|616, 554, 0, 0|70, 163, 0, 0|4, 17, 0, 0
5 3 11 0.0440729483283 0.253799392097 27 2102 873 |24, 3, 0, 0|389, 204, 0, 16|423, 615, 0, 190|36, 138, 0, 28|1, 16, 0, 19
5 2 11 0.0440729483283 0.255319148936 28 2625 1041 |24, 4, 0, 0|387, 172, 0, 12|608, 948, 0, 284|21, 117, 0, 4|1, 22, 0, 21
5 1 11 0.0455927051672 0.255319148936 27 2017 1039 |24, 3, 0, 0|389, 175, 0, 0|558, 639, 0, 0|55, 125, 0, 0|13, 36, 0, 0
6 10 11 0.0425531914894 0.258358662614 26 2116 1424 |24, 2, 0, 0|385, 70, 0, 0|877, 518, 0, 0|125, 82, 0, 0|13, 20, 0, 0
6 9 11 0.0440729483283 0.256838905775 27 2241 1105 |24, 3, 0, 0|387, 170, 0, 0|622, 772, 2, 1|64, 177, 0, 1|6, 12, 0, 0
6 8 11 0.0440729483283 0.246200607903 26 1984 1120 |24, 2, 0, 0|390, 127, 0, 1|657, 478, 0, 19|36, 206, 0, 3|13, 20, 0, 8
6 7 11 0.0471124620061 0.262917933131 27 2392 1078 |24, 3, 0, 0|356, 178, 0, 0|647, 892, 0, 0|41, 221, 0, 0|10, 20, 0, 0
6 6 11 0.0455927051672 0.265957446809 28 2150 1223 |24, 4, 0, 0|389, 174, 0, 0|675, 569, 0, 0|115, 150, 0, 0|20, 30, 0, 0
6 5 11 0.0501519756839 0.261398176292 28 1960 1100 |24, 4, 0, 0|388, 166, 0, 0|621, 583, 12, 7|39, 74, 0, 0|15, 25, 1, 1
6 4 11 0.0471124620061 0.259878419453 28 2311 1206 |24, 4, 0, 0|389, 152, 0, 4|737, 702, 11, 47|37, 162, 1, 11|7, 14, 0, 9
6 3 11 0.0440729483283 0.26443768997 26 2453 1159 |24, 2, 0, 0|422, 161, 0, 0|670, 887, 0, 0|34, 211, 0, 0|9, 33, 0, 0
6 2 11 0.0395136778116 0.258358662614 28 2236 1117 |24, 4, 0, 0|388, 123, 0, 0|679, 884, 0, 13|24, 81, 0, 0|2, 14, 0, 0
6 1 11 0.0455927051672 0.256838905775 27 2120 1377 |24, 3, 0, 0|388, 75, 0, 0|828, 499, 0, 0|127, 157, 0, 0|10, 9, 0, 0
7 10 11 0.0547112462006 0.261398176292 26 2232 1367 |24, 2, 0, 0|426, 110, 0, 0|816, 460, 0, 13|92, 249, 0, 3|9, 28, 0, 0
7 9 11 0.0455927051672 0.26443768997 27 2614 1353 |24, 3, 0, 0|393, 119, 0, 0|867, 834, 0, 7|63, 249, 0, 9|6, 40, 0, 0
7 8 11 0.0440729483283 0.265957446809 29 2561 1417 |24, 5, 0, 0|360, 113, 0, 1|947, 784, 0, 29|80, 185, 0, 1|5, 26, 1, 0
7 7 11 0.0455927051672 0.256838905775 27 2612 1449 |24, 3, 0, 0|393, 114, 0, 0|938, 808, 0, 0|81, 196, 0, 0|13, 42, 0, 0
7 6 11 0.0455927051672 0.259878419453 29 2481 1352 |24, 5, 0, 0|362, 159, 0, 0|839, 673, 13, 0|92, 244, 1, 1|16, 42, 5, 5
7 5 11 0.0455927051672 0.270516717325 27 2162 1141 |24, 3, 0, 0|393, 129, 0, 0|650, 700, 0, 11|61, 141, 0, 13|13, 24, 0, 0
7 4 11 0.0471124620061 0.259878419453 26 2326 1538 |24, 2, 0, 0|393, 88, 0, 0|976, 590, 1, 0|117, 82, 3, 0|24, 26, 0, 0
7 3 11 0.0471124620061 0.262917933131 27 1979 1474 |24, 3, 0, 0|393, 100, 0, 0|904, 275, 0, 0|130, 98, 0, 0|23, 29, 0, 0
7 2 11 0.048632218845 0.268996960486 28 2409 1198 |24, 4, 0, 0|393, 165, 0, 0|674, 849, 0, 20|93, 158, 0, 0|14, 15, 0, 0
7 1 11 0.0471124620061 0.265957446809 27 2284 1471 |24, 3, 0, 0|393, 94, 0, 0|947, 550, 12, 0|84, 151, 2, 10|9, 5, 0, 0
8 10 11 0.0516717325228 0.26443768997 26 2207 1582 |24, 2, 0, 0|393, 58, 0, 0|984, 402, 0, 5|139, 128, 0, 5|42, 25, 0, 0
8 9 11 0.048632218845 0.265957446809 25 2433 1547 |24, 1, 0, 0|426, 81, 0, 0|971, 655, 0, 0|109, 126, 0, 0|17, 23, 0, 0
8 8 11 0.0531914893617 0.267477203647 27 2161 1356 |24, 3, 0, 0|393, 147, 0, 0|816, 442, 0, 22|99, 167, 0, 0|24, 24, 0, 0
8 7 11 0.0455927051672 0.262917933131 27 2562 1494 |24, 3, 0, 0|393, 129, 0, 0|946, 682, 0, 8|111, 215, 0, 6|20, 25, 0, 0
8 6 11 0.0531914893617 0.261398176292 26 2125 1496 |24, 2, 0, 0|393, 76, 0, 0|904, 378, 0, 0|152, 164, 0, 0|23, 9, 0, 0
8 5 11 0.048632218845 0.268996960486 24 2136 1468 |24, 0, 0, 0|426, 84, 0, 0|840, 453, 0, 6|150, 96, 0, 5|28, 24, 0, 0
8 4 11 0.0471124620061 0.26443768997 26 2130 1419 |24, 2, 0, 0|393, 76, 0, 0|828, 407, 9, 6|136, 174, 5, 16|24, 28, 0, 2
8 3 11 0.0440729483283 0.265957446809 27 2381 1456 |24, 3, 0, 0|426, 128, 0, 0|904, 605, 14, 8|77, 156, 0, 6|10, 17, 1, 2
8 2 11 0.0501519756839 0.267477203647 25 2317 1787 |24, 1, 0, 0|426, 50, 0, 0|1159, 367, 0, 12|162, 89, 0, 0|16, 11, 0, 0
8 1 11 0.0471124620061 0.259878419453 26 2213 1471 |24, 2, 0, 0|426, 103, 0, 0|951, 444, 0, 0|59, 179, 0, 0|11, 14, 0, 0
9 10 11 0.0547112462006 0.275075987842 26 2047 1483 |24, 2, 0, 0|393, 75, 0, 0|906, 269, 0, 0|138, 201, 0, 0|22, 17, 0, 0
9 9 11 0.0455927051672 0.261398176292 26 2207 1414 |24, 2, 0, 0|426, 149, 0, 0|861, 439, 0, 0|87, 186, 0, 0|16, 17, 0, 0
9 8 11 0.0516717325228 0.265957446809 26 2081 1270 |24, 2, 0, 0|393, 123, 0, 0|766, 555, 0, 0|70, 107, 0, 0|17, 24, 0, 0
9 7 11 0.0516717325228 0.270516717325 27 2107 1411 |24, 3, 0, 0|393, 97, 0, 0|820, 516, 1, 0|142, 72, 0, 2|31, 6, 0, 0
9 6 11 0.048632218845 0.267477203647 28 2397 1842 |24, 4, 0, 0|393, 54, 0, 0|1183, 395, 0, 11|200, 63, 0, 0|42, 28, 0, 0
9 5 11 0.0531914893617 0.267477203647 26 2055 1557 |24, 2, 0, 0|393, 58, 0, 0|1024, 352, 1, 0|82, 77, 0, 0|32, 9, 1, 0
9 4 11 0.0440729483283 0.26443768997 27 2108 1541 |24, 3, 0, 0|393, 88, 0, 0|972, 323, 0, 0|139, 143, 0, 0|13, 10, 0, 0
9 3 11 0.048632218845 0.272036474164 26 2580 1538 |24, 2, 0, 0|393, 69, 0, 0|1001, 667, 0, 0|110, 268, 0, 0|10, 36, 0, 0
9 2 11 0.048632218845 0.272036474164 25 2007 1561 |24, 1, 0, 0|426, 48, 0, 0|959, 269, 0, 0|121, 122, 0, 0|31, 6, 0, 0
9 1 11 0.0516717325228 0.270516717325 28 2547 1615 |24, 4, 0, 0|393, 104, 0, 0|1059, 499, 0, 0|121, 276, 0, 0|18, 49, 0, 0
10 10 11 0.0516717325228 0.273556231003 27 2329 1392 |24, 3, 0, 0|393, 89, 1, 0|834, 703, 9, 9|111, 108, 1, 14|19, 11, 0, 0
10 9 11 0.0547112462006 0.273556231003 27 2508 1561 |24, 3, 0, 0|426, 89, 1, 0|974, 660, 16, 6|109, 163, 2, 12|9, 13, 0, 1
10 8 11 0.048632218845 0.27811550152 25 2226 1566 |24, 1, 0, 0|426, 81, 1, 0|986, 450, 19, 7|84, 109, 0, 4|21, 8, 5, 0
10 7 11 0.0531914893617 0.279635258359 26 2297 1405 |24, 2, 0, 0|393, 83, 1, 0|857, 591, 20, 2|92, 178, 5, 19|13, 17, 0, 0
10 6 11 0.0547112462006 0.275075987842 25 1912 1488 |24, 1, 0, 0|426, 66, 1, 0|846, 237, 9, 9|156, 97, 0, 0|24, 14, 2, 0
10 5 11 0.0501519756839 0.261398176292 26 2104 1331 |24, 2, 0, 0|393, 117, 1, 0|781, 440, 8, 5|108, 179, 0, 0|16, 28, 0, 2
10 4 11 0.048632218845 0.27811550152 27 1723 1347 |24, 3, 0, 0|393, 112, 1, 1|755, 188, 8, 1|126, 61, 1, 1|39, 9, 0, 0
10 3 11 0.0516717325228 0.275075987842 27 2179 1413 |24, 3, 0, 0|426, 110, 1, 0|812, 384, 7, 7|128, 229, 1, 5|14, 28, 0, 0
10 2 11 0.0547112462006 0.272036474164 26 1802 1262 |24, 2, 0, 0|393, 95, 1, 0|730, 310, 8, 0|87, 117, 1, 3|18, 13, 0, 0
10 1 11 0.0516717325228 0.276595744681 24 1786 1151 |24, 0, 0, 0|426, 121, 1, 0|631, 394, 7, 7|48, 109, 0, 1|14, 3, 0, 0
11 10 11 0.0531914893617 0.270516717325 27 2102 1694 |24, 3, 0, 0|393, 56, 1, 0|1048, 138, 9, 6|188, 176, 0, 11|31, 17, 0, 1
11 9 11 0.0547112462006 0.275075987842 25 1958 1571 |24, 1, 0, 0|426, 56, 1, 1|943, 254, 7, 0|145, 71, 0, 0|24, 4, 1, 0
11 8 11 0.0562310030395 0.282674772036 25 2285 1671 |24, 1, 0, 0|426, 54, 1, 0|1022, 386, 12, 7|159, 156, 0, 5|24, 4, 3, 1
11 7 11 0.0562310030395 0.281155015198 27 2124 1568 |24, 3, 0, 0|393, 90, 1, 0|950, 280, 17, 7|150, 158, 3, 5|26, 12, 4, 1
11 6 11 0.0562310030395 0.27811550152 26 2211 1659 |24, 2, 0, 0|393, 61, 1, 11|1070, 319, 11, 10|122, 115, 5, 0|29, 33, 4, 1
11 5 11 0.0562310030395 0.279635258359 26 2124 1675 |24, 2, 0, 0|393, 39, 1, 0|1074, 278, 9, 1|146, 121, 1, 0|25, 8, 2, 0
11 4 11 0.0547112462006 0.275075987842 25 1932 1696 |24, 1, 0, 0|426, 51, 1, 0|1031, 135, 7, 2|167, 35, 0, 3|38, 9, 2, 0
11 3 11 0.0531914893617 0.273556231003 26 2239 1645 |24, 2, 0, 0|393, 60, 1, 0|1034, 405, 8, 0|157, 111, 0, 2|28, 14, 0, 0
11 2 11 0.0592705167173 0.282674772036 27 2224 1703 |24, 3, 0, 0|393, 61, 1, 0|1067, 324, 9, 10|184, 100, 0, 6|25, 16, 0, 1
11 1 11 0.0577507598784 0.282674772036 26 1965 1474 |24, 2, 0, 0|426, 67, 1, 0|849, 291, 7, 10|129, 92, 1, 9|35, 20, 2, 0
12 10 11 0.0531914893617 0.275075987842 28 2194 1727 |24, 4, 0, 0|393, 64, 1, 0|1148, 215, 9, 0|129, 153, 0, 2|23, 29, 0, 0
12 9 11 0.0531914893617 0.279635258359 25 2108 1787 |24, 1, 0, 0|426, 59, 1, 0|1140, 215, 9, 0|156, 29, 0, 1|29, 14, 2, 2
12 8 11 0.0547112462006 0.279635258359 25 1876 1595 |24, 1, 0, 0|426, 51, 1, 0|905, 110, 18, 11|192, 89, 4, 11|25, 8, 0, 0
12 7 11 0.0547112462006 0.288753799392 27 2319 1598 |24, 3, 0, 0|393, 60, 1, 0|1038, 594, 19, 2|95, 51, 3, 5|21, 6, 4, 0
12 6 11 0.0592705167173 0.282674772036 27 2173 1832 |24, 3, 0, 0|393, 24, 1, 0|1186, 204, 7, 1|180, 83, 0, 1|41, 24, 0, 1
12 5 11 0.0592705167173 0.276595744681 25 2169 1771 |24, 1, 0, 0|426, 37, 1, 0|1076, 215, 8, 8|206, 105, 2, 9|27, 23, 1, 0
12 4 11 0.0516717325228 0.27811550152 25 2288 2089 |24, 1, 0, 0|393, 9, 1, 0|1342, 85, 9, 0|285, 102, 4, 0|30, 2, 1, 0
12 3 11 0.0531914893617 0.275075987842 25 2100 1509 |24, 1, 0, 0|426, 51, 1, 0|915, 372, 9, 7|114, 132, 1, 10|19, 18, 0, 0
12 2 11 0.0531914893617 0.273556231003 28 2365 1519 |24, 4, 0, 0|393, 115, 1, 0|958, 542, 8, 0|110, 165, 1, 2|24, 18, 0, 0
12 1 11 0.0562310030395 0.279635258359 25 1994 1562 |24, 1, 0, 0|393, 68, 1, 0|964, 213, 21, 0|125, 120, 6, 13|28, 16, 0, 1
13 10 11 0.0531914893617 0.279635258359 25 2062 1683 |24, 1, 0, 0|426, 68, 1, 0|962, 226, 5, 0|227, 67, 1, 1|37, 15, 0, 1
13 9 11 0.0577507598784 0.284194528875 25 2178 1805 |24, 1, 0, 0|426, 22, 1, 0|1182, 218, 8, 4|144, 119, 0, 3|18, 6, 2, 0
13 8 11 0.0547112462006 0.279635258359 26 2416 1743 |24, 2, 0, 0|426, 67, 1, 0|1083, 439, 8, 0|160, 138, 0, 2|41, 25, 0, 0
13 7 11 0.0577507598784 0.285714285714 26 2145 1428 |24, 2, 0, 0|426, 93, 1, 0|842, 463, 16, 0|97, 140, 1, 1|17, 18, 4, 0
13 6 11 0.0531914893617 0.281155015198 27 2154 1570 |24, 3, 0, 0|393, 60, 1, 0|1002, 412, 25, 8|101, 75, 3, 11|20, 13, 1, 2
13 5 11 0.0531914893617 0.285714285714 26 2274 1547 |24, 2, 0, 0|426, 91, 1, 0|951, 412, 7, 9|124, 188, 0, 9|14, 14, 0, 2
13 4 11 0.0547112462006 0.276595744681 25 2069 1758 |24, 1, 0, 0|426, 58, 1, 0|1118, 146, 21, 0|145, 96, 3, 1|18, 8, 2, 1
13 3 11 0.0592705167173 0.281155015198 26 2072 1466 |24, 2, 0, 0|393, 78, 1, 0|908, 418, 18, 0|102, 89, 4, 3|15, 16, 1, 0
13 2 11 0.0547112462006 0.285714285714 25 2453 1765 |24, 1, 0, 0|426, 45, 1, 0|1135, 460, 9, 12|139, 127, 4, 16|27, 25, 0, 2
13 1 11 0.0516717325228 0.281155015198 25 2075 1424 |24, 1, 0, 0|426, 77, 1, 0|865, 482, 8, 10|86, 78, 0, 0|14, 3, 0, 0
14 10 11 0.0562310030395 0.285714285714 24 2218 1709 |24, 0, 0, 0|426, 48, 1, 0|1046, 294, 8, 0|186, 153, 1, 3|17, 9, 0, 2
14 9 11 0.0516717325228 0.284194528875 25 2217 1589 |24, 1, 0, 0|426, 76, 1, 0|968, 380, 6, 14|141, 136, 0, 7|23, 13, 0, 1
14 8 11 0.0577507598784 0.287234042553 28 2135 1676 |24, 4, 0, 0|393, 67, 1, 0|1000, 252, 9, 6|219, 111, 1, 3|27, 16, 2, 0
14 7 11 0.0562310030395 0.287234042553 25 2103 2008 |24, 1, 0, 0|426, 4, 1, 0|1272, 36, 23, 0|220, 44, 7, 0|27, 10, 8, 0
14 6 11 0.0562310030395 0.285714285714 24 2147 1807 |24, 0, 0, 0|426, 27, 1, 0|1150, 204, 9, 0|161, 92, 1, 6|35, 11, 0, 0
14 5 11 0.0623100303951 0.288753799392 24 2034 1984 |24, 0, 0, 0|426, 28, 1, 0|1131, 9, 10, 0|320, 10, 4, 0|67, 3, 1, 0
14 4 11 0.0516717325228 0.279635258359 26 2141 1778 |24, 2, 0, 0|426, 68, 1, 0|1074, 161, 8, 8|205, 91, 0, 10|40, 22, 0, 1
14 3 11 0.0577507598784 0.284194528875 24 2252 1850 |24, 0, 0, 0|426, 28, 1, 0|1184, 278, 19, 7|157, 88, 1, 0|32, 1, 6, 0
14 2 11 0.0607902735562 0.285714285714 25 2461 2170 |24, 1, 0, 0|393, 15, 1, 0|1385, 118, 11, 0|296, 138, 2, 0|57, 19, 1, 0
14 1 11 0.0562310030395 0.275075987842 25 2295 1866 |24, 1, 0, 0|426, 23, 1, 0|1207, 306, 19, 15|159, 57, 0, 0|29, 26, 1, 1
15 10 11 0.0547112462006 0.282674772036 24 2310 1809 |24, 0, 0, 0|426, 33, 1, 0|1145, 380, 19, 3|157, 73, 7, 5|26, 7, 4, 0
15 9 11 0.0607902735562 0.290273556231 25 2233 1987 |24, 1, 0, 0|426, 25, 1, 0|1275, 203, 15, 10|201, 6, 1, 0|37, 0, 7, 1
15 8 11 0.0562310030395 0.284194528875 25 2343 1895 |24, 1, 0, 0|426, 19, 1, 0|1216, 267, 23, 6|180, 134, 3, 4|21, 17, 1, 0
15 7 11 0.0562310030395 0.284194528875 25 2189 1579 |24, 1, 0, 0|426, 70, 1, 0|939, 331, 19, 6|139, 177, 5, 4|24, 21, 2, 0
15 6 11 0.0577507598784 0.29179331307 25 2170 1868 |24, 1, 0, 0|426, 34, 1, 0|1208, 220, 19, 6|165, 30, 4, 6|18, 5, 3, 0
15 5 11 0.0592705167173 0.287234042553 24 2306 1861 |24, 0, 0, 0|426, 29, 1, 0|1179, 280, 22, 1|174, 126, 4, 0|27, 9, 4, 0
15 4 11 0.0577507598784 0.293313069909 25 1937 1725 |24, 1, 0, 0|426, 42, 1, 0|992, 92, 20, 0|225, 67, 2, 1|32, 6, 3, 3
15 3 11 0.0562310030395 0.287234042553 25 2091 1731 |24, 1, 0, 0|426, 40, 1, 0|1052, 187, 21, 8|177, 100, 2, 5|24, 19, 4, 0
15 2 11 0.0592705167173 0.290273556231 24 2048 1629 |24, 0, 0, 0|426, 54, 1, 0|985, 237, 7, 3|157, 117, 0, 6|29, 2, 0, 0
15 1 11 0.0577507598784 0.287234042553 27 2213 1850 |24, 3, 0, 0|426, 58, 1, 0|1171, 171, 9, 6|198, 98, 1, 3|19, 24, 1, 0
16 10 11 0.0562310030395 0.287234042553 24 2019 1950 |24, 0, 0, 0|426, 17, 1, 0|1213, 33, 23, 0|215, 13, 5, 2|39, 4, 4, 0
16 9 11 0.0623100303951 0.290273556231 25 2080 1898 |24, 1, 0, 0|393, 27, 1, 0|1187, 108, 8, 0|240, 42, 4, 0|39, 4, 2, 0
16 8 11 0.0607902735562 0.293313069909 25 2166 1790 |24, 1, 0, 0|393, 39, 1, 0|1089, 200, 18, 7|215, 117, 8, 3|38, 9, 4, 0
16 7 11 0.0607902735562 0.294832826748 25 2300 1784 |24, 1, 0, 0|393, 23, 1, 0|1177, 338, 17, 0|141, 139, 8, 1|19, 13, 4, 1
16 6 11 0.063829787234 0.297872340426 24 2169 1981 |24, 0, 0, 0|426, 7, 1, 0|1258, 120, 17, 8|206, 50, 0, 0|43, 3, 6, 0
16 5 11 0.063829787234 0.29179331307 24 2010 1987 |24, 0, 0, 0|426, 14, 1, 0|1247, 3, 20, 0|231, 3, 2, 0|30, 3, 6, 0
16 4 11 0.0607902735562 0.293313069909 24 2173 2025 |24, 0, 0, 0|426, 5, 1, 0|1298, 75, 19, 0|216, 59, 5, 1|27, 8, 9, 0
16 3 11 0.0607902735562 0.290273556231 25 2280 2135 |24, 1, 0, 0|393, 4, 1, 0|1392, 59, 7, 0|274, 65, 3, 1|39, 15, 2, 0
16 2 11 0.0577507598784 0.290273556231 26 2070 1750 |24, 2, 0, 0|393, 34, 1, 0|1111, 158, 6, 7|178, 87, 1, 13|36, 19, 0, 0
16 1 11 0.0592705167173 0.287234042553 24 2356 2071 |24, 0, 0, 0|426, 9, 1, 0|1318, 162, 9, 0|252, 89, 2, 2|39, 23, 0, 0
17 10 11 0.0623100303951 0.29179331307 24 2133 1996 |24, 0, 0, 0|426, 6, 1, 0|1264, 99, 18, 0|216, 24, 2, 0|39, 8, 6, 0
17 9 11 0.0577507598784 0.293313069909 24 1985 1800 |24, 0, 0, 0|426, 18, 1, 0|1135, 137, 18, 0|134, 27, 5, 0|51, 3, 6, 0
17 8 11 0.0623100303951 0.293313069909 24 2150 1944 |24, 0, 0, 0|426, 9, 1, 0|1237, 126, 10, 0|212, 63, 3, 1|30, 7, 1, 0
17 7 11 0.0623100303951 0.294832826748 25 1932 1792 |24, 1, 0, 0|426, 29, 1, 0|1089, 85, 26, 0|184, 18, 5, 0|31, 7, 6, 0
17 6 11 0.0592705167173 0.290273556231 26 2244 2085 |24, 2, 0, 0|426, 39, 1, 0|1327, 58, 7, 3|253, 42, 0, 2|47, 13, 0, 0
17 5 11 0.0607902735562 0.290273556231 25 2116 1975 |24, 1, 0, 0|426, 55, 1, 0|1214, 42, 8, 0|252, 33, 1, 1|49, 9, 0, 0
17 4 11 0.0592705167173 0.284194528875 24 2197 2107 |24, 0, 0, 0|426, 3, 1, 0|1344, 26, 7, 0|252, 55, 1, 1|51, 4, 1, 1
17 3 11 0.0623100303951 0.296352583587 24 2028 1827 |24, 0, 0, 0|426, 26, 1, 0|1136, 127, 27, 0|177, 44, 6, 0|26, 4, 4, 0
17 2 11 0.0623100303951 0.293313069909 26 2131 1999 |24, 2, 0, 0|393, 16, 1, 0|1256, 55, 10, 0|266, 42, 2, 2|44, 15, 3, 0
17 1 11 0.0623100303951 0.294832826748 25 2389 2163 |24, 1, 0, 0|393, 12, 1, 0|1396, 104, 11, 6|279, 93, 4, 5|53, 5, 2, 0
18 10 11 0.063829787234 0.297872340426 24 2015 1957 |24, 0, 0, 0|426, 13, 1, 0|1225, 35, 26, 0|211, 10, 3, 0|35, 0, 6, 0
18 9 11 0.063829787234 0.296352583587 25 2117 1975 |24, 1, 0, 0|393, 7, 1, 0|1301, 64, 22, 0|194, 67, 4, 0|29, 2, 7, 1
18 8 11 0.0623100303951 0.296352583587 24 2077 1961 |24, 0, 0, 0|426, 6, 1, 0|1236, 64, 15, 0|217, 41, 2, 0|33, 5, 7, 0
18 7 11 0.0623100303951 0.294832826748 25 2182 1970 |24, 1, 0, 0|426, 26, 1, 0|1246, 154, 18, 0|222, 27, 8, 0|21, 4, 4, 0
18 6 11 0.0623100303951 0.297872340426 24 2144 1974 |24, 0, 0, 0|426, 8, 1, 0|1254, 99, 22, 0|211, 56, 2, 0|30, 6, 4, 1
18 5 11 0.0623100303951 0.293313069909 24 2209 1932 |24, 0, 0, 0|426, 28, 1, 0|1180, 122, 8, 0|255, 125, 3, 0|34, 2, 1, 0
18 4 11 0.063829787234 0.294832826748 24 2145 2124 |24, 0, 0, 0|426, 2, 1, 0|1353, 7, 7, 0|261, 10, 2, 0|49, 2, 1, 0
18 3 11 0.063829787234 0.294832826748 25 2234 2040 |24, 1, 0, 0|393, 8, 1, 0|1324, 92, 10, 0|242, 85, 0, 2|45, 6, 1, 0
18 2 11 0.0623100303951 0.293313069909 26 2201 2064 |24, 2, 0, 0|393, 4, 1, 0|1333, 56, 22, 7|244, 48, 5, 7|37, 13, 5, 0
18 1 11 0.0592705167173 0.290273556231 24 2203 2125 |24, 0, 0, 0|426, 3, 1, 0|1344, 16, 9, 0|276, 57, 0, 0|45, 2, 0, 0
19 10 11 0.0653495440729 0.299392097264 24 2079 2072 |24, 0, 0, 0|426, 3, 1, 0|1312, 1, 23, 0|228, 2, 8, 0|47, 1, 3, 0
19 9 11 0.0653495440729 0.293313069909 24 2143 2131 |24, 0, 0, 0|426, 0, 1, 0|1369, 4, 24, 0|231, 3, 2, 0|49, 5, 5, 0
19 8 11 0.063829787234 0.296352583587 25 2137 1996 |24, 1, 0, 0|426, 7, 1, 0|1287, 74, 16, 6|208, 33, 3, 3|30, 16, 1, 1
19 7 11 0.0607902735562 0.296352583587 24 2119 2047 |24, 0, 0, 0|426, 5, 1, 0|1314, 38, 19, 0|226, 22, 7, 0|28, 7, 2, 0
19 6 11 0.063829787234 0.294832826748 24 2106 2049 |24, 0, 0, 0|426, 7, 1, 0|1279, 49, 18, 0|232, 1, 10, 0|56, 0, 3, 0
19 5 11 0.063829787234 0.299392097264 24 1988 1969 |24, 0, 0, 0|426, 14, 1, 0|1202, 3, 21, 0|249, 1, 8, 0|36, 1, 2, 0
19 4 11 0.063829787234 0.297872340426 24 2107 2031 |24, 0, 0, 0|426, 6, 1, 0|1287, 27, 18, 0|225, 39, 4, 0|42, 4, 4, 0
19 3 11 0.063829787234 0.297872340426 24 2155 2081 |24, 0, 0, 0|426, 1, 1, 0|1331, 60, 20, 0|217, 8, 3, 0|52, 5, 7, 0
19 2 11 0.063829787234 0.297872340426 24 2013 1940 |24, 0, 0, 0|426, 17, 1, 0|1198, 32, 18, 0|227, 21, 4, 0|37, 3, 5, 0
19 1 11 0.0607902735562 0.294832826748 24 2083 2068 |24, 0, 0, 0|426, 1, 1, 0|1319, 7, 24, 0|226, 4, 3, 0|41, 3, 4, 0
20 10 11 0.0653495440729 0.299392097264 24 2113 2110 |24, 0, 0, 0|426, 0, 1, 0|1343, 3, 25, 0|233, 0, 7, 0|47, 0, 4, 0
20 9 11 0.0653495440729 0.299392097264 24 2079 2074 |24, 0, 0, 0|426, 0, 1, 0|1329, 3, 19, 0|225, 0, 7, 0|37, 2, 6, 0
20 8 11 0.0653495440729 0.299392097264 24 2122 2120 |24, 0, 0, 0|426, 0, 1, 0|1340, 2, 25, 0|251, 0, 4, 0|41, 0, 8, 0
20 7 11 0.0653495440729 0.299392097264 24 2078 2067 |24, 0, 0, 0|426, 0, 1, 0|1321, 3, 20, 0|242, 3, 3, 0|27, 5, 3, 0
20 6 11 0.0653495440729 0.299392097264 24 2094 2086 |24, 0, 0, 0|426, 0, 1, 0|1329, 6, 17, 0|240, 2, 8, 0|36, 0, 5, 0
20 5 11 0.0653495440729 0.299392097264 24 2086 2036 |24, 0, 0, 0|426, 5, 1, 0|1273, 31, 16, 0|244, 12, 4, 0|42, 2, 6, 0
20 4 11 0.0653495440729 0.299392097264 24 2084 2082 |24, 0, 0, 0|426, 0, 1, 0|1322, 1, 19, 0|237, 1, 4, 0|40, 0, 9, 0
20 3 11 0.0653495440729 0.297872340426 24 2167 2143 |24, 0, 0, 0|426, 0, 1, 0|1360, 6, 21, 0|252, 7, 6, 0|49, 11, 4, 0
20 2 11 0.0653495440729 0.296352583587 24 2097 2094 |24, 0, 0, 0|426, 0, 1, 0|1329, 3, 21, 0|235, 0, 6, 0|51, 0, 1, 0
20 1 11 0.0653495440729 0.299392097264 24 2137 2134 |24, 0, 0, 0|426, 0, 1, 0|1365, 2, 20, 0|233, 1, 2, 0|58, 0, 5, 0
21 10 11 0.0653495440729 0.299392097264 24 2133 2130 |24, 0, 0, 0|426, 0, 1, 0|1355, 3, 19, 0|259, 0, 4, 0|35, 0, 7, 0
21 9 11 0.0653495440729 0.299392097264 24 2146 2145 |24, 0, 0, 0|426, 0, 1, 0|1375, 1, 23, 0|247, 0, 4, 0|42, 0, 3, 0
21 8 11 0.0653495440729 0.299392097264 24 2133 2132 |24, 0, 0, 0|426, 0, 1, 0|1349, 1, 22, 0|251, 0, 5, 0|52, 0, 2, 0
21 7 11 0.0653495440729 0.299392097264 24 2130 2128 |24, 0, 0, 0|426, 0, 1, 0|1349, 2, 21, 0|252, 0, 4, 0|49, 0, 2, 0
21 6 11 0.0653495440729 0.299392097264 24 2094 2091 |24, 0, 0, 0|426, 0, 1, 0|1330, 3, 17, 0|233, 0, 2, 0|50, 0, 8, 0
21 5 11 0.0653495440729 0.299392097264 24 2129 2122 |24, 0, 0, 0|426, 0, 1, 0|1351, 3, 21, 0|240, 1, 8, 0|49, 3, 2, 0
21 4 11 0.0653495440729 0.299392097264 24 2124 2120 |24, 0, 0, 0|426, 0, 1, 0|1352, 4, 26, 0|236, 0, 3, 0|47, 0, 5, 0
21 3 11 0.0653495440729 0.299392097264 24 2127 2124 |24, 0, 0, 0|426, 0, 1, 0|1336, 3, 28, 0|251, 0, 6, 0|47, 0, 5, 0
21 2 11 0.0653495440729 0.299392097264 24 2116 2114 |24, 0, 0, 0|426, 0, 1, 0|1339, 2, 22, 0|245, 0, 5, 0|45, 0, 7, 0
21 1 11 0.0653495440729 0.299392097264 24 2096 2095 |24, 0, 0, 0|426, 0, 1, 0|1351, 1, 19, 0|225, 0, 6, 0|40, 0, 3, 0
