Cutoff >1
N1 20000
MaxLen1 12
nHaps NHaps nSp single_nucleotide_pDNCs pDNC_recovered
2 10 87 0.0121765601218 0.494672754947 0 3053 1618 |0, 0, 0, 0|3, 2, 2, 0|387, 268, 49, 77|615, 490, 129, 164|317, 270, 116, 164
2 9 87 0.00456621004566 0.493150684932 0 3372 1454 |0, 0, 0, 0|3, 3, 2, 0|357, 406, 41, 98|556, 670, 107, 210|278, 361, 110, 170
2 8 87 0.013698630137 0.500761035008 0 2854 1539 |0, 0, 0, 0|3, 4, 2, 0|381, 270, 61, 82|594, 422, 108, 173|292, 222, 98, 142
2 7 87 0.0152207001522 0.505327245053 0 2954 1460 |0, 0, 0, 0|3, 4, 2, 0|368, 329, 43, 45|548, 537, 125, 149|278, 293, 93, 137
2 6 87 0.0167427701674 0.494672754947 0 3181 1437 |0, 0, 0, 0|3, 5, 2, 0|341, 355, 39, 106|586, 547, 104, 248|262, 261, 100, 222
2 5 87 0.0152207001522 0.485540334855 0 2714 1657 |0, 0, 0, 0|3, 1, 2, 0|394, 243, 49, 17|662, 413, 102, 71|329, 208, 116, 104
2 4 87 0.00913242009132 0.512937595129 0 2681 1557 |0, 0, 0, 0|3, 2, 2, 0|378, 209, 34, 65|636, 368, 107, 154|291, 228, 106, 98
2 3 87 0.0167427701674 0.490106544901 0 2931 1625 |0, 0, 0, 0|3, 1, 2, 0|401, 279, 47, 41|662, 455, 109, 129|298, 260, 103, 141
2 2 87 0.0152207001522 0.465753424658 0 2813 1817 |0, 0, 0, 0|3, 4, 2, 0|430, 200, 50, 24|713, 362, 116, 57|330, 261, 173, 88
2 1 87 0.00304414003044 0.48097412481 0 3404 1373 |0, 0, 0, 0|3, 1, 2, 0|343, 409, 40, 104|561, 737, 105, 204|228, 392, 91, 184
3 10 87 0.013698630137 0.499238964992 0 3074 1737 |0, 0, 0, 0|3, 2, 2, 0|408, 240, 51, 96|692, 449, 112, 167|342, 238, 127, 145
3 9 87 0.0152207001522 0.526636225266 0 2777 1740 |0, 0, 0, 0|3, 2, 2, 0|414, 215, 48, 34|677, 366, 107, 97|356, 225, 133, 98
3 8 87 0.0121765601218 0.502283105023 0 2713 1641 |0, 0, 0, 0|3, 2, 2, 0|402, 226, 46, 26|653, 387, 110, 128|293, 219, 132, 84
3 7 87 0.0167427701674 0.497716894977 0 2698 1658 |0, 0, 0, 0|3, 2, 2, 0|401, 225, 42, 27|629, 384, 88, 98|351, 196, 142, 108
3 6 87 0.0182648401826 0.514459665145 0 2531 1753 |0, 0, 0, 0|3, 0, 2, 0|396, 150, 45, 11|682, 301, 109, 54|370, 181, 146, 81
3 5 87 0.0197869101979 0.522070015221 0 2659 1654 |0, 0, 0, 0|3, 2, 2, 0|383, 252, 56, 26|623, 333, 108, 99|353, 200, 126, 93
3 4 87 0.00608828006088 0.508371385084 0 3032 1496 |0, 0, 0, 0|3, 1, 2, 0|373, 346, 44, 72|567, 573, 110, 150|281, 264, 116, 130
3 3 87 0.013698630137 0.51598173516 0 2775 1644 |0, 0, 0, 0|3, 2, 2, 0|408, 204, 34, 79|658, 395, 125, 151|302, 203, 112, 97
3 2 87 0.0213089802131 0.499238964992 0 3129 1891 |0, 0, 0, 0|3, 0, 2, 0|484, 164, 53, 136|741, 317, 131, 243|353, 204, 124, 174
3 1 87 0.0167427701674 0.500761035008 0 3230 1876 |0, 0, 0, 0|3, 0, 2, 0|453, 243, 46, 75|732, 381, 109, 191|400, 242, 131, 222
4 10 87 0.0213089802131 0.517503805175 0 2627 1859 |0, 0, 0, 0|3, 0, 2, 0|440, 146, 54, 20|765, 270, 127, 84|351, 142, 117, 106
4 9 87 0.0182648401826 0.502283105023 0 3015 1916 |0, 0, 0, 0|3, 1, 2, 0|410, 181, 47, 68|753, 371, 140, 161|395, 205, 166, 112
4 8 87 0.0152207001522 0.494672754947 0 2708 1825 |0, 0, 0, 0|3, 1, 2, 0|473, 156, 42, 62|664, 284, 106, 96|388, 196, 147, 88
4 7 87 0.0213089802131 0.529680365297 0 2503 1832 |0, 0, 0, 0|3, 1, 2, 0|459, 144, 51, 12|724, 249, 125, 40|339, 146, 129, 79
4 6 87 0.0197869101979 0.51902587519 0 2912 1882 |0, 0, 0, 0|3, 1, 2, 0|473, 170, 47, 36|700, 337, 148, 129|386, 206, 123, 151
4 5 87 0.0182648401826 0.509893455099 0 2805 1745 |0, 0, 0, 0|3, 1, 2, 0|430, 237, 52, 30|669, 384, 133, 96|335, 196, 121, 116
4 4 87 0.0213089802131 0.528158295282 0 2576 1828 |0, 0, 0, 0|3, 2, 2, 0|414, 111, 52, 74|737, 195, 125, 135|359, 136, 136, 95
4 3 87 0.0197869101979 0.511415525114 0 2761 1798 |0, 0, 0, 0|3, 2, 2, 0|452, 196, 55, 31|677, 326, 133, 111|366, 185, 110, 112
4 2 87 0.0213089802131 0.522070015221 0 2412 1835 |0, 0, 0, 0|3, 2, 2, 0|412, 94, 46, 46|760, 166, 121, 91|352, 126, 139, 52
4 1 87 0.0182648401826 0.506849315068 0 2525 1712 |0, 0, 0, 0|3, 2, 2, 0|422, 189, 38, 14|656, 316, 117, 54|360, 172, 114, 66
5 10 87 0.0213089802131 0.528158295282 0 2262 2006 |0, 0, 0, 0|3, 1, 2, 0|439, 64, 53, 3|760, 89, 154, 17|439, 57, 156, 25
5 9 87 0.0213089802131 0.531202435312 0 2368 1860 |0, 0, 0, 0|3, 1, 2, 0|442, 98, 47, 50|736, 132, 97, 61|381, 108, 152, 58
5 8 87 0.0213089802131 0.531202435312 0 2311 1834 |0, 0, 0, 0|3, 1, 2, 0|442, 136, 42, 6|701, 183, 129, 29|377, 85, 138, 37
5 7 87 0.0213089802131 0.532724505327 0 2479 1966 |0, 0, 0, 0|3, 0, 2, 0|442, 112, 59, 9|785, 175, 132, 36|392, 124, 151, 57
5 6 87 0.0213089802131 0.523592085236 0 2503 1940 |0, 0, 0, 0|3, 0, 2, 0|418, 119, 64, 64|771, 154, 117, 95|413, 82, 152, 49
5 5 87 0.0197869101979 0.525114155251 0 2611 1892 |0, 0, 0, 0|3, 0, 2, 0|451, 126, 44, 61|765, 199, 127, 107|361, 138, 139, 88
5 4 87 0.0197869101979 0.537290715373 0 2572 1901 |0, 0, 0, 0|3, 0, 2, 0|433, 157, 43, 16|771, 220, 127, 79|384, 113, 138, 86
5 3 87 0.0213089802131 0.528158295282 0 2369 2007 |0, 0, 0, 0|3, 0, 2, 0|434, 79, 51, 4|792, 121, 157, 25|408, 90, 160, 43
5 2 87 0.0213089802131 0.535768645358 0 2688 1896 |0, 0, 0, 0|3, 0, 2, 0|420, 180, 46, 29|767, 255, 147, 93|388, 162, 123, 73
5 1 87 0.0197869101979 0.531202435312 0 2351 1921 |0, 0, 0, 0|3, 1, 2, 0|420, 92, 50, 3|748, 173, 148, 27|400, 95, 150, 39
6 10 87 0.0228310502283 0.537290715373 0 2565 1988 |0, 0, 0, 0|3, 1, 2, 0|434, 104, 48, 16|771, 208, 142, 75|427, 110, 161, 63
6 9 87 0.0213089802131 0.552511415525 0 2357 2042 |0, 0, 0, 0|3, 1, 2, 0|434, 81, 61, 3|808, 107, 138, 25|407, 71, 189, 27
6 8 87 0.0228310502283 0.531202435312 0 2373 1940 |0, 0, 0, 0|3, 0, 2, 0|479, 92, 44, 19|731, 135, 138, 65|396, 69, 147, 53
6 7 87 0.0228310502283 0.547945205479 0 2500 2007 |0, 0, 0, 0|3, 0, 2, 0|474, 75, 51, 12|757, 173, 131, 68|433, 90, 156, 75
6 6 87 0.0228310502283 0.537290715373 0 2383 2178 |0, 0, 0, 0|3, 0, 2, 0|508, 37, 55, 1|818, 78, 146, 14|478, 48, 168, 27
6 5 87 0.0243531202435 0.544901065449 0 2334 2089 |0, 0, 0, 0|3, 0, 2, 0|459, 62, 51, 4|812, 90, 148, 15|451, 53, 163, 21
6 4 87 0.0228310502283 0.538812785388 0 2302 2039 |0, 0, 0, 0|3, 1, 2, 0|412, 55, 50, 3|803, 90, 138, 15|452, 65, 179, 34
6 3 87 0.0243531202435 0.537290715373 0 2205 2057 |0, 0, 0, 0|3, 0, 2, 0|463, 29, 53, 3|818, 49, 143, 15|394, 34, 181, 18
6 2 87 0.0213089802131 0.541856925419 0 2238 1963 |0, 0, 0, 0|3, 0, 2, 0|470, 62, 48, 5|727, 99, 140, 27|403, 61, 170, 21
6 1 87 0.0228310502283 0.546423135464 0 2220 1999 |0, 0, 0, 0|3, 0, 2, 0|486, 23, 48, 42|771, 45, 129, 40|411, 39, 149, 32
7 10 87 0.0258751902588 0.561643835616 0 2257 2180 |0, 0, 0, 0|3, 0, 2, 0|503, 27, 59, 0|836, 19, 152, 7|467, 12, 158, 12
7 9 87 0.0243531202435 0.557077625571 0 2450 2063 |0, 0, 0, 0|3, 0, 2, 0|485, 67, 55, 50|787, 81, 149, 92|426, 37, 156, 60
7 8 87 0.0243531202435 0.552511415525 0 2232 2105 |0, 0, 0, 0|3, 1, 2, 0|435, 5, 51, 37|832, 15, 165, 41|450, 11, 167, 17
7 7 87 0.0243531202435 0.558599695586 0 2248 2099 |0, 0, 0, 0|3, 0, 2, 0|490, 36, 51, 1|800, 47, 160, 8|434, 41, 159, 16
7 6 87 0.0243531202435 0.558599695586 0 2169 2028 |0, 0, 0, 0|3, 0, 2, 0|468, 50, 68, 3|782, 39, 133, 12|413, 23, 159, 14
7 5 87 0.0243531202435 0.557077625571 0 2251 2076 |0, 0, 0, 0|3, 0, 2, 0|444, 55, 55, 3|831, 67, 151, 10|417, 30, 173, 10
7 4 87 0.0258751902588 0.549467275495 0 2434 2178 |0, 0, 0, 0|3, 0, 2, 0|468, 38, 57, 22|839, 75, 163, 57|461, 25, 185, 39
7 3 87 0.0243531202435 0.55098934551 0 2214 2059 |0, 0, 0, 0|3, 0, 2, 0|463, 30, 43, 2|799, 69, 158, 6|413, 34, 178, 14
7 2 87 0.0243531202435 0.557077625571 0 2267 2141 |0, 0, 0, 0|3, 1, 2, 0|452, 9, 49, 1|836, 46, 143, 15|483, 31, 173, 23
7 1 87 0.0243531202435 0.557077625571 0 2304 2140 |0, 0, 0, 0|3, 1, 2, 0|463, 18, 56, 44|832, 23, 155, 41|440, 24, 189, 13
8 10 87 0.0258751902588 0.558599695586 0 2171 2145 |0, 0, 0, 0|3, 0, 2, 0|469, 4, 52, 0|834, 8, 141, 6|447, 5, 197, 3
8 9 87 0.0258751902588 0.558599695586 0 2193 2166 |0, 0, 0, 0|3, 0, 2, 0|468, 5, 41, 0|854, 14, 134, 3|477, 2, 187, 3
8 8 87 0.0258751902588 0.564687975647 0 2208 2152 |0, 0, 0, 0|3, 1, 2, 0|475, 14, 56, 0|818, 19, 155, 2|458, 9, 185, 11
8 7 87 0.0258751902588 0.561643835616 0 2196 2184 |0, 0, 0, 0|3, 0, 2, 0|506, 3, 57, 0|823, 4, 157, 1|446, 4, 190, 0
8 6 87 0.0258751902588 0.566210045662 0 2202 2184 |0, 0, 0, 0|3, 0, 2, 0|477, 3, 56, 0|872, 4, 127, 2|474, 4, 173, 5
8 5 87 0.0258751902588 0.560121765601 0 2228 2192 |0, 0, 0, 0|3, 0, 2, 0|489, 4, 48, 0|828, 11, 159, 6|477, 5, 186, 10
8 4 87 0.0258751902588 0.557077625571 0 2092 2060 |0, 0, 0, 0|3, 0, 2, 0|492, 2, 46, 0|780, 9, 153, 3|432, 10, 152, 8
8 3 87 0.0258751902588 0.566210045662 0 2181 2126 |0, 0, 0, 0|3, 0, 2, 0|481, 5, 50, 0|823, 20, 149, 8|442, 10, 176, 12
8 2 87 0.0258751902588 0.564687975647 0 2161 2135 |0, 0, 0, 0|3, 0, 2, 0|449, 3, 49, 0|847, 12, 147, 2|453, 3, 185, 6
8 1 87 0.0258751902588 0.563165905632 0 2215 2017 |0, 0, 0, 0|3, 0, 2, 0|447, 24, 41, 10|784, 54, 141, 49|439, 34, 160, 27
9 10 87 0.0258751902588 0.567732115677 0 2212 2195 |0, 0, 0, 0|3, 0, 2, 0|469, 1, 55, 0|870, 3, 161, 2|466, 5, 169, 6
9 9 87 0.0258751902588 0.567732115677 0 2101 2090 |0, 0, 0, 0|3, 0, 2, 0|461, 0, 59, 0|808, 5, 151, 1|423, 3, 183, 2
9 8 87 0.0258751902588 0.567732115677 0 2087 2078 |0, 0, 0, 0|3, 0, 2, 0|441, 1, 52, 0|838, 2, 140, 1|434, 1, 168, 4
9 7 87 0.0258751902588 0.567732115677 0 2091 2077 |0, 0, 0, 0|3, 0, 2, 0|461, 0, 48, 0|794, 1, 144, 3|444, 1, 181, 9
9 6 87 0.0258751902588 0.567732115677 0 2136 2118 |0, 0, 0, 0|3, 0, 2, 0|445, 2, 46, 0|852, 4, 154, 4|448, 3, 168, 5
9 5 87 0.0258751902588 0.567732115677 0 2094 2084 |0, 0, 0, 0|3, 0, 2, 0|472, 1, 45, 0|827, 2, 135, 3|432, 1, 168, 3
9 4 87 0.0258751902588 0.567732115677 0 2120 2112 |0, 0, 0, 0|3, 0, 2, 0|447, 0, 43, 0|863, 3, 155, 2|438, 0, 161, 3
9 3 87 0.0258751902588 0.567732115677 0 2153 2139 |0, 0, 0, 0|3, 0, 2, 0|471, 1, 58, 0|827, 5, 162, 3|443, 1, 173, 4
9 2 87 0.0258751902588 0.567732115677 0 2119 2107 |0, 0, 0, 0|3, 0, 2, 0|459, 0, 54, 1|846, 3, 141, 4|456, 2, 146, 2
9 1 87 0.0258751902588 0.567732115677 0 2057 2048 |0, 0, 0, 0|3, 0, 2, 0|438, 0, 45, 0|790, 1, 164, 1|446, 3, 160, 4
