Cutoff >1
N1 20000
MaxLen1 12
nHaps NHaps nSp single_nucleotide_pDNCs pDNC_recovered
2 10 11 0.0151975683891 0.243161094225 3 971 112 |2, 1, 0, 0|0, 17, 0, 0|57, 172, 0, 9|29, 399, 7, 53|10, 179, 7, 29
2 9 11 0.00759878419453 0.244680851064 4 1109 80 |2, 2, 0, 0|0, 86, 0, 0|57, 424, 0, 6|14, 372, 0, 0|7, 139, 0, 0
2 8 11 0.0212765957447 0.247720364742 3 650 113 |2, 1, 0, 0|0, 1, 0, 0|60, 124, 0, 0|33, 285, 0, 1|18, 124, 0, 1
2 7 11 0.016717325228 0.234042553191 3 1000 103 |2, 1, 0, 0|0, 17, 0, 0|57, 141, 0, 0|26, 475, 0, 0|18, 263, 0, 0
2 6 11 0.0197568389058 0.234042553191 3 1292 88 |2, 1, 0, 0|0, 7, 0, 0|57, 345, 0, 0|17, 591, 0, 5|12, 255, 0, 0
2 5 11 0.00759878419453 0.244680851064 4 1033 98 |2, 2, 0, 0|0, 82, 0, 1|54, 232, 0, 15|34, 381, 5, 73|2, 110, 1, 39
2 4 11 0.0182370820669 0.23556231003 3 946 95 |2, 1, 0, 0|0, 0, 0, 0|57, 114, 0, 0|25, 475, 0, 0|11, 261, 0, 0
2 3 11 0.00607902735562 0.238601823708 3 1228 94 |2, 1, 0, 0|0, 77, 0, 0|64, 421, 0, 6|22, 444, 0, 1|6, 184, 0, 0
2 2 11 0.0197568389058 0.23556231003 3 841 94 |2, 1, 0, 0|0, 19, 0, 0|57, 103, 0, 0|30, 425, 0, 1|5, 197, 0, 1
2 1 11 0.00607902735562 0.23556231003 3 1111 82 |2, 1, 0, 0|0, 126, 0, 1|60, 188, 0, 0|11, 545, 0, 1|9, 167, 0, 0
3 10 11 0.0121580547112 0.249240121581 2 566 99 |2, 0, 0, 0|0, 0, 0, 0|56, 107, 0, 0|34, 234, 0, 0|7, 126, 0, 0
3 9 11 0.0197568389058 0.240121580547 3 530 118 |2, 1, 0, 0|0, 0, 0, 0|63, 64, 0, 0|43, 270, 0, 0|10, 74, 0, 3
3 8 11 0.0212765957447 0.243161094225 2 803 97 |2, 0, 0, 0|0, 0, 0, 0|59, 138, 0, 0|26, 359, 0, 0|10, 209, 0, 0
3 7 11 0.016717325228 0.247720364742 3 660 82 |2, 1, 0, 0|0, 19, 0, 0|57, 175, 0, 0|15, 291, 0, 0|8, 89, 0, 3
3 6 11 0.0151975683891 0.246200607903 3 493 74 |2, 1, 0, 0|0, 0, 0, 0|58, 109, 0, 0|11, 235, 0, 0|3, 64, 0, 10
3 5 11 0.0212765957447 0.241641337386 3 402 140 |2, 1, 0, 0|0, 0, 0, 0|60, 31, 0, 0|57, 146, 0, 0|21, 84, 0, 0
3 4 11 0.0121580547112 0.243161094225 3 776 85 |2, 1, 0, 0|0, 17, 0, 0|56, 166, 0, 0|20, 361, 0, 0|7, 146, 0, 0
3 3 11 0.0197568389058 0.252279635258 3 611 118 |2, 1, 0, 0|0, 17, 0, 0|57, 139, 0, 0|37, 200, 4, 7|12, 102, 6, 27
3 2 11 0.0197568389058 0.253799392097 2 625 79 |2, 0, 0, 0|0, 1, 0, 0|57, 122, 0, 0|16, 262, 0, 1|4, 160, 0, 0
3 1 11 0.0182370820669 0.246200607903 3 279 111 |2, 1, 0, 0|0, 2, 0, 0|58, 27, 0, 5|39, 82, 2, 9|7, 25, 3, 17
4 10 11 0.0212765957447 0.255319148936 3 548 112 |2, 1, 0, 0|0, 1, 0, 0|81, 126, 0, 0|18, 228, 0, 0|11, 80, 0, 0
4 9 11 0.0197568389058 0.252279635258 3 381 98 |2, 1, 0, 0|0, 0, 0, 0|79, 112, 0, 0|11, 111, 2, 8|3, 29, 1, 22
4 8 11 0.0197568389058 0.249240121581 3 689 128 |2, 1, 0, 0|0, 19, 0, 0|83, 110, 0, 0|33, 316, 0, 0|10, 115, 0, 0
4 7 11 0.0212765957447 0.250759878419 3 651 145 |2, 1, 0, 0|0, 0, 0, 0|85, 69, 0, 0|38, 311, 0, 0|20, 125, 0, 0
4 6 11 0.016717325228 0.255319148936 2 501 111 |2, 0, 0, 0|0, 1, 0, 0|85, 93, 0, 0|20, 203, 0, 6|4, 70, 0, 17
4 5 11 0.0182370820669 0.246200607903 3 436 127 |2, 1, 0, 0|0, 0, 0, 0|84, 73, 0, 0|28, 154, 5, 13|4, 57, 4, 11
4 4 11 0.016717325228 0.237082066869 3 380 123 |2, 1, 0, 0|0, 0, 0, 0|81, 76, 0, 1|27, 107, 3, 13|6, 42, 4, 17
4 3 11 0.0182370820669 0.255319148936 2 331 110 |2, 0, 0, 0|0, 0, 0, 0|78, 81, 0, 1|24, 88, 1, 8|3, 34, 2, 9
4 2 11 0.0212765957447 0.261398176292 3 795 128 |2, 1, 0, 0|0, 7, 0, 0|83, 348, 0, 0|31, 217, 0, 0|12, 94, 0, 0
4 1 11 0.0182370820669 0.249240121581 2 444 162 |2, 0, 0, 0|0, 20, 0, 0|83, 69, 0, 1|47, 107, 6, 3|17, 76, 7, 6
5 10 11 0.0212765957447 0.26443768997 2 382 109 |2, 0, 0, 0|0, 17, 0, 0|81, 73, 0, 0|21, 117, 0, 0|5, 66, 0, 0
5 9 11 0.0227963525836 0.262917933131 2 362 126 |2, 0, 0, 0|0, 18, 0, 0|81, 78, 0, 0|26, 97, 4, 4|9, 29, 4, 10
5 8 11 0.0197568389058 0.258358662614 3 695 128 |2, 1, 0, 0|0, 2, 0, 0|84, 204, 0, 0|24, 240, 0, 0|18, 120, 0, 0
5 7 11 0.0212765957447 0.255319148936 3 340 122 |2, 1, 0, 0|0, 1, 0, 0|80, 38, 0, 0|29, 117, 0, 0|11, 61, 0, 0
5 6 11 0.0212765957447 0.256838905775 2 287 119 |2, 0, 0, 0|0, 0, 0, 0|80, 67, 0, 0|27, 74, 0, 0|10, 27, 0, 0
5 5 11 0.0212765957447 0.253799392097 3 289 121 |2, 1, 0, 0|0, 0, 0, 0|81, 46, 0, 1|26, 75, 3, 3|7, 39, 2, 3
5 4 11 0.0227963525836 0.261398176292 2 383 94 |2, 0, 0, 0|0, 1, 0, 0|77, 72, 0, 0|14, 160, 0, 0|1, 55, 0, 1
5 3 11 0.0197568389058 0.258358662614 3 280 144 |2, 1, 0, 0|0, 0, 0, 0|86, 14, 0, 0|35, 71, 0, 0|21, 50, 0, 0
5 2 11 0.0197568389058 0.26443768997 3 408 109 |2, 1, 0, 0|0, 0, 0, 0|81, 89, 0, 0|20, 153, 0, 0|6, 56, 0, 0
5 1 11 0.0227963525836 0.265957446809 3 470 119 |2, 1, 0, 0|0, 1, 0, 0|85, 98, 0, 0|25, 172, 0, 0|7, 79, 0, 0
6 10 11 0.0197568389058 0.259878419453 2 632 97 |2, 0, 0, 0|0, 6, 0, 0|81, 329, 0, 0|11, 134, 0, 0|3, 66, 0, 0
6 9 11 0.0197568389058 0.26443768997 3 428 115 |2, 1, 0, 0|0, 1, 0, 0|82, 92, 0, 0|19, 170, 0, 0|12, 48, 0, 1
6 8 11 0.0288753799392 0.267477203647 3 253 145 |2, 1, 0, 0|0, 0, 0, 0|85, 54, 0, 0|35, 37, 1, 1|17, 14, 5, 1
6 7 11 0.0258358662614 0.265957446809 2 167 104 |2, 0, 0, 0|0, 0, 0, 0|79, 6, 0, 0|15, 32, 3, 1|5, 19, 0, 5
6 6 11 0.0258358662614 0.261398176292 2 304 133 |2, 0, 0, 0|0, 0, 0, 0|85, 35, 0, 0|27, 88, 0, 0|19, 48, 0, 0
6 5 11 0.0212765957447 0.261398176292 3 375 94 |2, 1, 0, 0|0, 16, 0, 0|77, 93, 0, 0|9, 133, 0, 0|6, 38, 0, 0
6 4 11 0.0136778115502 0.258358662614 4 962 108 |2, 2, 0, 0|0, 38, 0, 0|79, 441, 0, 13|16, 300, 0, 3|11, 57, 0, 0
6 3 11 0.0243161094225 0.262917933131 3 377 105 |2, 1, 0, 0|0, 16, 0, 0|82, 73, 0, 0|16, 147, 0, 0|5, 35, 0, 0
6 2 11 0.0197568389058 0.268996960486 3 317 105 |2, 1, 0, 0|0, 19, 0, 0|81, 51, 0, 0|13, 88, 0, 0|9, 53, 0, 0
6 1 11 0.0243161094225 0.268996960486 2 446 123 |2, 0, 0, 0|0, 1, 0, 0|85, 86, 0, 0|20, 191, 0, 1|16, 44, 0, 0
7 10 11 0.0212765957447 0.259878419453 2 231 116 |2, 0, 0, 0|0, 16, 0, 0|78, 46, 0, 0|23, 28, 1, 0|6, 23, 6, 2
7 9 11 0.0273556231003 0.265957446809 3 401 146 |2, 1, 0, 0|0, 0, 0, 0|84, 29, 0, 0|40, 132, 0, 0|20, 93, 0, 0
7 8 11 0.0288753799392 0.273556231003 3 200 132 |2, 1, 0, 0|0, 0, 0, 0|76, 33, 0, 0|31, 15, 3, 1|17, 16, 3, 2
7 7 11 0.0303951367781 0.275075987842 3 302 122 |2, 1, 0, 0|0, 0, 0, 0|84, 42, 0, 0|24, 94, 0, 0|12, 43, 0, 0
7 6 11 0.0243161094225 0.265957446809 2 258 122 |2, 0, 0, 0|0, 0, 0, 0|82, 60, 0, 0|25, 52, 0, 0|9, 23, 4, 1
7 5 11 0.0273556231003 0.273556231003 2 220 130 |2, 0, 0, 0|0, 0, 0, 0|80, 28, 0, 0|25, 52, 3, 1|18, 4, 2, 5
7 4 11 0.0258358662614 0.272036474164 3 358 111 |2, 1, 0, 0|0, 0, 0, 0|83, 50, 0, 0|20, 138, 0, 0|6, 58, 0, 0
7 3 11 0.0288753799392 0.273556231003 2 416 104 |2, 0, 0, 0|0, 14, 0, 0|78, 147, 0, 0|14, 89, 0, 1|10, 61, 0, 0
7 2 11 0.0288753799392 0.265957446809 2 424 112 |2, 0, 0, 0|0, 0, 0, 0|86, 51, 0, 0|20, 161, 0, 0|4, 100, 0, 0
7 1 11 0.0227963525836 0.268996960486 3 190 113 |2, 1, 0, 0|0, 0, 0, 0|79, 33, 0, 0|21, 29, 4, 0|7, 14, 0, 0
8 10 11 0.0273556231003 0.273556231003 3 187 133 |2, 1, 0, 0|0, 0, 0, 0|78, 29, 0, 0|34, 14, 3, 2|14, 6, 2, 2
8 9 11 0.0258358662614 0.265957446809 2 271 108 |2, 0, 0, 0|0, 0, 0, 0|76, 29, 0, 0|21, 91, 0, 0|9, 43, 0, 0
8 8 11 0.031914893617 0.261398176292 2 270 120 |2, 0, 0, 0|0, 0, 0, 0|80, 19, 0, 0|26, 95, 0, 0|12, 35, 0, 1
8 7 11 0.0303951367781 0.268996960486 2 308 109 |2, 0, 0, 0|0, 0, 0, 0|78, 51, 0, 0|19, 102, 0, 0|10, 46, 0, 0
8 6 11 0.0243161094225 0.281155015198 2 222 116 |2, 0, 0, 0|0, 0, 0, 0|73, 46, 0, 1|29, 41, 3, 0|8, 18, 1, 0
8 5 11 0.0227963525836 0.273556231003 3 583 101 |2, 1, 0, 0|0, 5, 0, 0|80, 319, 0, 0|14, 116, 0, 0|5, 41, 0, 0
8 4 11 0.0273556231003 0.265957446809 2 244 106 |2, 0, 0, 0|0, 0, 0, 0|77, 27, 0, 0|20, 79, 0, 0|7, 32, 0, 0
8 3 11 0.0303951367781 0.272036474164 2 286 107 |2, 0, 0, 0|0, 1, 0, 0|84, 56, 0, 0|15, 85, 0, 0|6, 37, 0, 0
8 2 11 0.0243161094225 0.261398176292 2 347 102 |2, 0, 0, 0|0, 0, 0, 0|76, 86, 0, 0|18, 109, 0, 0|6, 50, 0, 0
8 1 11 0.0288753799392 0.268996960486 2 174 137 |2, 0, 0, 0|0, 0, 0, 0|79, 6, 0, 0|32, 19, 2, 1|21, 10, 1, 1
9 10 11 0.0288753799392 0.279635258359 3 337 114 |2, 1, 0, 0|0, 0, 0, 0|84, 71, 0, 1|16, 85, 3, 22|6, 34, 3, 9
9 9 11 0.0258358662614 0.26443768997 2 213 118 |2, 0, 0, 0|0, 0, 0, 0|76, 32, 0, 0|20, 34, 9, 2|7, 23, 4, 4
9 8 11 0.031914893617 0.270516717325 3 195 175 |2, 1, 0, 0|0, 0, 0, 0|82, 0, 0, 0|42, 15, 8, 0|28, 2, 13, 2
9 7 11 0.031914893617 0.279635258359 2 240 117 |2, 0, 0, 0|0, 0, 0, 0|82, 18, 0, 1|20, 65, 1, 7|8, 21, 4, 11
9 6 11 0.0288753799392 0.287234042553 3 190 135 |2, 1, 0, 0|0, 0, 0, 0|79, 28, 0, 0|32, 17, 10, 2|8, 5, 4, 2
9 5 11 0.0288753799392 0.276595744681 2 283 108 |2, 0, 0, 0|0, 0, 0, 0|77, 51, 0, 1|18, 61, 1, 18|10, 38, 0, 6
9 4 11 0.0273556231003 0.270516717325 2 351 100 |2, 0, 0, 0|0, 0, 0, 0|75, 81, 0, 2|15, 92, 1, 23|6, 47, 1, 6
9 3 11 0.0288753799392 0.275075987842 2 223 119 |2, 0, 0, 0|0, 16, 0, 0|76, 45, 0, 0|19, 25, 2, 1|13, 17, 7, 0
9 2 11 0.0334346504559 0.275075987842 2 154 122 |2, 0, 0, 0|0, 0, 0, 0|82, 6, 0, 0|24, 16, 5, 4|7, 4, 2, 2
9 1 11 0.031914893617 0.268996960486 2 172 128 |2, 0, 0, 0|0, 0, 0, 0|77, 5, 0, 0|29, 24, 7, 1|7, 14, 6, 0
10 10 11 0.0334346504559 0.27811550152 2 162 123 |2, 0, 0, 0|0, 0, 0, 0|80, 5, 0, 0|26, 21, 7, 2|4, 11, 4, 0
10 9 11 0.0364741641337 0.287234042553 2 220 129 |2, 0, 0, 0|0, 0, 0, 0|83, 50, 0, 0|26, 26, 7, 4|7, 5, 4, 6
10 8 11 0.0258358662614 0.279635258359 2 191 113 |2, 0, 0, 0|0, 0, 0, 0|82, 33, 0, 0|15, 22, 3, 4|10, 16, 1, 3
10 7 11 0.0303951367781 0.279635258359 2 250 108 |2, 0, 0, 0|0, 0, 0, 0|81, 24, 0, 2|14, 69, 3, 18|5, 23, 3, 6
10 6 11 0.031914893617 0.282674772036 3 242 113 |2, 1, 0, 0|0, 0, 0, 0|76, 23, 0, 2|22, 61, 3, 11|8, 27, 2, 4
10 5 11 0.0288753799392 0.276595744681 2 284 133 |2, 0, 0, 0|0, 0, 0, 0|81, 57, 0, 0|26, 60, 5, 4|8, 29, 11, 1
10 4 11 0.0303951367781 0.287234042553 2 273 151 |2, 0, 0, 0|0, 0, 0, 0|83, 58, 0, 0|33, 40, 13, 10|12, 13, 8, 1
10 3 11 0.0303951367781 0.275075987842 2 174 126 |2, 0, 0, 0|0, 0, 0, 0|84, 25, 0, 0|20, 14, 9, 8|5, 1, 6, 0
10 2 11 0.0334346504559 0.284194528875 3 142 134 |2, 1, 0, 0|0, 0, 0, 0|81, 0, 0, 0|28, 4, 6, 0|11, 2, 6, 1
10 1 11 0.0349544072948 0.281155015198 3 318 101 |2, 1, 0, 0|0, 0, 0, 0|78, 80, 0, 1|11, 69, 1, 18|9, 30, 0, 18
11 10 11 0.0303951367781 0.275075987842 2 148 121 |2, 0, 0, 0|0, 0, 0, 0|80, 6, 0, 0|25, 13, 6, 0|6, 8, 2, 0
11 9 11 0.031914893617 0.282674772036 2 212 116 |2, 0, 0, 0|0, 0, 0, 0|79, 53, 0, 0|14, 27, 4, 3|7, 10, 10, 3
11 8 11 0.0288753799392 0.27811550152 2 240 115 |2, 0, 0, 0|0, 0, 0, 0|81, 25, 0, 1|19, 65, 0, 8|9, 23, 4, 3
11 7 11 0.0349544072948 0.279635258359 3 130 128 |2, 1, 0, 0|0, 0, 0, 0|77, 0, 0, 0|30, 0, 5, 0|9, 1, 5, 0
11 6 11 0.031914893617 0.284194528875 2 180 134 |2, 0, 0, 0|0, 0, 0, 0|80, 23, 0, 0|23, 12, 9, 9|12, 1, 8, 1
11 5 11 0.0303951367781 0.285714285714 2 370 123 |2, 0, 0, 0|0, 4, 0, 0|80, 211, 0, 0|24, 23, 4, 0|10, 7, 3, 2
11 4 11 0.031914893617 0.27811550152 3 193 128 |2, 1, 0, 0|0, 0, 0, 0|78, 27, 0, 0|29, 26, 6, 3|8, 4, 5, 4
11 3 11 0.0364741641337 0.284194528875 2 157 151 |2, 0, 0, 0|0, 0, 0, 0|78, 2, 0, 0|45, 1, 6, 0|13, 2, 7, 1
11 2 11 0.031914893617 0.284194528875 3 240 106 |2, 1, 0, 0|0, 0, 0, 0|76, 96, 0, 0|12, 22, 6, 3|6, 11, 4, 1
11 1 11 0.0334346504559 0.284194528875 2 192 142 |2, 0, 0, 0|0, 0, 0, 0|77, 30, 0, 0|30, 11, 5, 2|21, 5, 7, 2
12 10 11 0.0364741641337 0.288753799392 2 220 123 |2, 0, 0, 0|0, 0, 0, 0|81, 18, 0, 1|23, 53, 3, 8|11, 15, 3, 2
12 9 11 0.0334346504559 0.281155015198 2 235 106 |2, 0, 0, 0|0, 0, 0, 0|75, 31, 0, 2|18, 53, 3, 15|7, 25, 1, 3
12 8 11 0.0334346504559 0.287234042553 2 139 138 |2, 0, 0, 0|0, 0, 0, 0|78, 0, 0, 0|32, 0, 8, 0|13, 0, 5, 1
12 7 11 0.0349544072948 0.284194528875 2 141 132 |2, 0, 0, 0|0, 0, 0, 0|80, 2, 0, 0|28, 3, 5, 2|11, 1, 6, 1
12 6 11 0.0364741641337 0.290273556231 3 182 142 |2, 1, 0, 0|0, 0, 0, 0|83, 20, 0, 0|29, 14, 9, 2|9, 1, 10, 2
12 5 11 0.0303951367781 0.290273556231 2 163 118 |2, 0, 0, 0|0, 0, 0, 0|71, 7, 0, 0|23, 22, 7, 1|8, 15, 7, 0
12 4 11 0.0364741641337 0.290273556231 2 169 132 |2, 0, 0, 0|0, 0, 0, 0|82, 26, 0, 0|28, 7, 7, 1|6, 3, 7, 0
12 3 11 0.0334346504559 0.288753799392 2 182 133 |2, 0, 0, 0|0, 0, 0, 0|74, 27, 0, 0|26, 13, 11, 2|13, 5, 7, 2
12 2 11 0.0334346504559 0.285714285714 2 296 103 |2, 0, 0, 0|0, 0, 0, 0|75, 69, 0, 2|18, 77, 1, 18|4, 15, 3, 12
12 1 11 0.0349544072948 0.287234042553 2 203 104 |2, 0, 0, 0|0, 0, 0, 0|83, 19, 0, 1|13, 50, 2, 9|3, 18, 1, 2
13 10 11 0.0364741641337 0.29179331307 2 220 117 |2, 0, 0, 0|0, 0, 0, 0|81, 17, 0, 1|23, 44, 5, 12|6, 22, 0, 7
13 9 11 0.0349544072948 0.288753799392 2 162 117 |2, 0, 0, 0|0, 0, 0, 0|76, 29, 0, 0|25, 10, 5, 1|8, 3, 1, 2
13 8 11 0.0364741641337 0.293313069909 2 175 133 |2, 0, 0, 0|0, 0, 0, 0|81, 24, 0, 0|23, 6, 6, 0|10, 9, 11, 3
13 7 11 0.0364741641337 0.290273556231 3 242 117 |2, 1, 0, 0|0, 0, 0, 0|75, 19, 0, 1|30, 66, 1, 13|7, 19, 2, 6
13 6 11 0.0349544072948 0.290273556231 2 140 135 |2, 0, 0, 0|0, 0, 0, 0|76, 0, 0, 0|32, 4, 3, 1|16, 0, 6, 0
13 5 11 0.0334346504559 0.293313069909 2 141 118 |2, 0, 0, 0|0, 0, 0, 0|75, 3, 0, 0|22, 14, 9, 0|8, 6, 2, 0
13 4 11 0.0379939209726 0.287234042553 2 157 121 |2, 0, 0, 0|0, 0, 0, 0|80, 25, 0, 0|25, 5, 1, 4|10, 2, 3, 0
13 3 11 0.0395136778116 0.288753799392 2 132 131 |2, 0, 0, 0|0, 0, 0, 0|79, 0, 0, 0|24, 0, 5, 0|13, 0, 8, 1
13 2 11 0.0395136778116 0.296352583587 2 125 125 |2, 0, 0, 0|0, 0, 0, 0|77, 0, 0, 0|25, 0, 4, 0|11, 0, 6, 0
13 1 11 0.0379939209726 0.290273556231 2 132 128 |2, 0, 0, 0|0, 0, 0, 0|79, 3, 0, 0|24, 0, 6, 0|11, 1, 6, 0
14 10 11 0.0364741641337 0.294832826748 2 157 130 |2, 0, 0, 0|0, 0, 0, 0|78, 23, 0, 0|26, 1, 7, 1|8, 1, 9, 1
14 9 11 0.0379939209726 0.297872340426 2 138 127 |2, 0, 0, 0|0, 0, 0, 0|75, 0, 0, 0|29, 9, 7, 0|8, 1, 6, 1
14 8 11 0.0349544072948 0.29179331307 2 152 125 |2, 0, 0, 0|0, 0, 0, 0|81, 4, 0, 0|20, 15, 7, 1|9, 7, 6, 0
14 7 11 0.0379939209726 0.294832826748 2 129 126 |2, 0, 0, 0|0, 0, 0, 0|78, 0, 0, 0|27, 1, 6, 0|8, 1, 5, 1
14 6 11 0.0379939209726 0.297872340426 2 133 131 |2, 0, 0, 0|0, 0, 0, 0|81, 0, 0, 0|25, 1, 7, 1|10, 0, 6, 0
14 5 11 0.0379939209726 0.296352583587 2 170 127 |2, 0, 0, 0|0, 0, 0, 0|81, 23, 0, 0|29, 16, 4, 3|7, 0, 4, 1
14 4 11 0.0364741641337 0.297872340426 3 214 124 |2, 1, 0, 0|0, 0, 0, 0|82, 15, 0, 1|29, 45, 3, 11|8, 11, 0, 6
14 3 11 0.0349544072948 0.285714285714 2 145 110 |2, 0, 0, 0|0, 0, 0, 0|75, 4, 0, 0|17, 22, 4, 2|8, 7, 4, 0
14 2 11 0.0334346504559 0.29179331307 2 195 118 |2, 0, 0, 0|0, 0, 0, 0|76, 32, 0, 0|16, 29, 9, 5|10, 10, 5, 1
14 1 11 0.0379939209726 0.296352583587 2 149 149 |2, 0, 0, 0|0, 0, 0, 0|78, 0, 0, 0|36, 0, 7, 0|14, 0, 12, 0
15 10 11 0.0364741641337 0.294832826748 2 139 119 |2, 0, 0, 0|0, 0, 0, 0|74, 2, 0, 0|25, 14, 4, 0|8, 4, 6, 0
15 9 11 0.0410334346505 0.293313069909 2 139 138 |2, 0, 0, 0|0, 0, 0, 0|78, 0, 0, 0|32, 0, 6, 0|15, 1, 5, 0
15 8 11 0.0395136778116 0.293313069909 2 134 133 |2, 0, 0, 0|0, 0, 0, 0|76, 0, 0, 0|33, 0, 5, 0|9, 1, 8, 0
15 7 11 0.0379939209726 0.297872340426 2 140 136 |2, 0, 0, 0|0, 0, 0, 0|87, 3, 0, 0|24, 0, 2, 1|15, 0, 6, 0
15 6 11 0.0395136778116 0.296352583587 3 130 129 |2, 1, 0, 0|0, 0, 0, 0|78, 0, 0, 0|18, 0, 9, 0|10, 0, 12, 0
15 5 11 0.0410334346505 0.297872340426 2 127 127 |2, 0, 0, 0|0, 0, 0, 0|78, 0, 0, 0|23, 0, 3, 0|14, 0, 7, 0
15 4 11 0.0395136778116 0.296352583587 2 130 130 |2, 0, 0, 0|0, 0, 0, 0|77, 0, 0, 0|33, 0, 6, 0|9, 0, 3, 0
15 3 11 0.0410334346505 0.299392097264 2 125 125 |2, 0, 0, 0|0, 0, 0, 0|80, 0, 0, 0|22, 0, 4, 0|10, 0, 7, 0
15 2 11 0.0395136778116 0.299392097264 2 125 124 |2, 0, 0, 0|0, 0, 0, 0|78, 0, 0, 0|22, 1, 5, 0|11, 0, 6, 0
15 1 11 0.0395136778116 0.294832826748 2 137 137 |2, 0, 0, 0|0, 0, 0, 0|80, 0, 0, 0|30, 0, 8, 0|12, 0, 5, 0
16 10 11 0.0410334346505 0.297872340426 2 138 138 |2, 0, 0, 0|0, 0, 0, 0|81, 0, 0, 0|36, 0, 4, 0|11, 0, 4, 0
16 9 11 0.0410334346505 0.297872340426 2 129 129 |2, 0, 0, 0|0, 0, 0, 0|77, 0, 0, 0|28, 0, 5, 0|13, 0, 4, 0
16 8 11 0.0410334346505 0.297872340426 2 128 128 |2, 0, 0, 0|0, 0, 0, 0|77, 0, 0, 0|27, 0, 5, 0|12, 0, 5, 0
16 7 11 0.0410334346505 0.297872340426 2 126 126 |2, 0, 0, 0|0, 0, 0, 0|81, 0, 0, 0|21, 0, 6, 0|11, 0, 5, 0
16 6 11 0.0410334346505 0.296352583587 2 131 131 |2, 0, 0, 0|0, 0, 0, 0|80, 0, 0, 0|26, 0, 3, 0|7, 0, 13, 0
16 5 11 0.0410334346505 0.297872340426 2 131 131 |2, 0, 0, 0|0, 0, 0, 0|79, 0, 0, 0|35, 0, 7, 0|5, 0, 3, 0
16 4 11 0.0410334346505 0.296352583587 2 137 137 |2, 0, 0, 0|0, 0, 0, 0|82, 0, 0, 0|26, 0, 7, 0|12, 0, 8, 0
16 3 11 0.0410334346505 0.297872340426 2 139 139 |2, 0, 0, 0|0, 0, 0, 0|79, 0, 0, 0|28, 0, 10, 0|13, 0, 7, 0
16 2 11 0.0410334346505 0.297872340426 2 136 130 |2, 0, 0, 0|0, 0, 0, 0|82, 0, 0, 0|27, 6, 6, 0|8, 0, 5, 0
16 1 11 0.0410334346505 0.299392097264 2 129 129 |2, 0, 0, 0|0, 0, 0, 0|78, 0, 0, 0|29, 0, 4, 0|11, 0, 5, 0
17 10 11 0.0410334346505 0.299392097264 2 121 121 |2, 0, 0, 0|0, 0, 0, 0|73, 0, 0, 0|24, 0, 9, 0|9, 0, 4, 0
17 9 11 0.0410334346505 0.299392097264 2 134 134 |2, 0, 0, 0|0, 0, 0, 0|80, 0, 0, 0|29, 0, 6, 0|13, 0, 4, 0
17 8 11 0.0410334346505 0.299392097264 2 127 127 |2, 0, 0, 0|0, 0, 0, 0|78, 0, 0, 0|31, 0, 6, 0|6, 0, 4, 0
17 7 11 0.0410334346505 0.299392097264 2 118 118 |2, 0, 0, 0|0, 0, 0, 0|75, 0, 0, 0|23, 0, 3, 0|9, 0, 6, 0
17 6 11 0.0410334346505 0.299392097264 2 136 136 |2, 0, 0, 0|0, 0, 0, 0|74, 0, 0, 0|35, 0, 3, 0|20, 0, 2, 0
17 5 11 0.0410334346505 0.299392097264 2 124 124 |2, 0, 0, 0|0, 0, 0, 0|76, 0, 0, 0|24, 0, 8, 0|10, 0, 4, 0
17 4 11 0.0410334346505 0.299392097264 2 135 135 |2, 0, 0, 0|0, 0, 0, 0|81, 0, 0, 0|27, 0, 5, 0|15, 0, 5, 0
17 3 11 0.0410334346505 0.299392097264 2 113 113 |2, 0, 0, 0|0, 0, 0, 0|67, 0, 0, 0|26, 0, 3, 0|10, 0, 5, 0
17 2 11 0.0410334346505 0.299392097264 2 138 138 |2, 0, 0, 0|0, 0, 0, 0|82, 0, 0, 0|33, 0, 6, 0|8, 0, 7, 0
17 1 11 0.0410334346505 0.299392097264 2 129 129 |2, 0, 0, 0|0, 0, 0, 0|79, 0, 0, 0|28, 0, 4, 0|11, 0, 5, 0
