Cutoff >1
N1 20000
MaxLen1 12
nHaps NHaps nSp single_nucleotide_pDNCs pDNC_recovered
2 10 87 0.0289193302892 0.453576864536 0 4654 8 |0, 0, 0, 0|0, 16, 0, 0|1, 782, 0, 665|2, 792, 3, 1167|2, 348, 0, 876
2 9 87 0.0121765601218 0.464231354642 0 3478 6 |0, 0, 0, 0|0, 44, 0, 10|1, 1107, 0, 275|3, 897, 1, 534|0, 287, 1, 318
2 8 87 0.0350076103501 0.455098934551 0 1280 15 |0, 0, 0, 0|0, 1, 0, 0|4, 273, 0, 45|3, 289, 1, 240|6, 157, 1, 260
2 7 87 0.0289193302892 0.468797564688 0 1067 6 |0, 0, 0, 0|0, 1, 0, 0|2, 128, 0, 54|3, 254, 0, 205|1, 192, 0, 227
2 6 87 0.0334855403349 0.461187214612 0 1479 7 |0, 0, 0, 0|0, 3, 0, 0|1, 201, 0, 95|3, 329, 1, 273|2, 200, 0, 371
2 5 87 0.00608828006088 0.471841704718 0 4874 6 |0, 0, 0, 0|0, 35, 0, 3|2, 1456, 0, 808|3, 885, 0, 886|0, 280, 1, 515
2 4 87 0.027397260274 0.455098934551 0 1943 5 |0, 0, 0, 0|0, 0, 0, 0|2, 196, 0, 81|3, 380, 0, 506|0, 225, 0, 550
2 3 87 0.0365296803653 0.461187214612 0 526 11 |0, 0, 0, 0|0, 1, 0, 0|4, 127, 0, 9|2, 169, 0, 55|3, 84, 2, 70
2 2 87 0.0334855403349 0.455098934551 0 602 11 |0, 0, 0, 0|0, 1, 0, 0|2, 140, 0, 16|7, 199, 1, 53|1, 117, 0, 65
2 1 87 0.0106544901065 0.462709284627 0 3782 11 |0, 0, 0, 0|0, 31, 0, 3|2, 1220, 0, 262|6, 1006, 0, 500|3, 388, 0, 361
3 10 87 0.0167427701674 0.461187214612 0 5791 7 |0, 0, 0, 0|0, 64, 0, 9|1, 1417, 0, 915|3, 1136, 1, 1163|1, 379, 1, 701
3 9 87 0.0304414003044 0.458143074581 0 2250 13 |0, 0, 0, 0|0, 4, 0, 0|2, 290, 0, 364|6, 260, 0, 684|5, 155, 0, 480
3 8 87 0.0106544901065 0.479452054795 0 7012 7 |0, 0, 0, 0|0, 45, 0, 3|3, 1656, 0, 709|2, 1685, 2, 1386|0, 564, 0, 957
3 7 87 0.0121765601218 0.471841704718 0 5794 13 |0, 0, 0, 0|0, 46, 0, 9|3, 1471, 0, 940|10, 1004, 0, 1235|0, 325, 0, 751
3 6 87 0.027397260274 0.465753424658 0 4144 7 |0, 0, 0, 0|0, 13, 0, 0|1, 782, 0, 645|4, 617, 1, 1127|1, 257, 0, 696
3 5 87 0.041095890411 0.470319634703 0 368 14 |0, 0, 0, 0|0, 0, 0, 0|2, 30, 0, 7|7, 153, 1, 23|4, 105, 0, 36
3 4 87 0.0380517503805 0.465753424658 0 705 16 |0, 0, 0, 0|0, 1, 0, 0|3, 87, 0, 11|8, 286, 1, 50|3, 171, 1, 83
3 3 87 0.0350076103501 0.465753424658 0 360 18 |0, 0, 0, 0|0, 2, 0, 0|4, 156, 0, 16|6, 100, 0, 12|6, 46, 2, 10
3 2 87 0.0258751902588 0.461187214612 0 436 20 |0, 0, 0, 0|0, 2, 0, 0|3, 167, 0, 19|7, 138, 2, 15|6, 55, 2, 20
3 1 87 0.041095890411 0.476407914764 0 355 27 |0, 0, 0, 0|0, 1, 0, 0|5, 129, 0, 4|14, 69, 2, 29|5, 76, 1, 20
4 10 87 0.0380517503805 0.471841704718 0 359 20 |0, 0, 0, 0|0, 1, 0, 0|4, 68, 0, 8|6, 158, 3, 25|5, 63, 2, 16
4 9 87 0.0395738203957 0.455098934551 0 333 23 |0, 0, 0, 0|0, 1, 0, 0|3, 125, 0, 9|8, 101, 3, 14|6, 52, 3, 8
4 8 87 0.0106544901065 0.476407914764 0 6625 5 |0, 0, 0, 0|0, 28, 0, 0|2, 1430, 0, 847|1, 1473, 1, 1332|1, 562, 0, 948
4 7 87 0.0487062404871 0.477929984779 0 557 27 |0, 0, 0, 0|0, 1, 0, 0|5, 123, 0, 11|12, 180, 3, 42|6, 114, 1, 59
4 6 87 0.0395738203957 0.470319634703 0 2057 10 |0, 0, 0, 0|0, 0, 0, 0|2, 212, 0, 93|5, 444, 0, 472|2, 256, 1, 570
4 5 87 0.0471841704718 0.465753424658 0 422 20 |0, 0, 0, 0|0, 1, 0, 0|4, 111, 0, 7|11, 187, 1, 25|4, 52, 0, 19
4 4 87 0.0228310502283 0.476407914764 0 2575 15 |0, 0, 0, 0|0, 30, 0, 4|2, 836, 0, 223|8, 691, 0, 299|4, 259, 1, 218
4 3 87 0.0441400304414 0.471841704718 0 346 20 |0, 0, 0, 0|0, 1, 0, 0|4, 113, 0, 31|7, 97, 0, 29|9, 51, 0, 4
4 2 87 0.0395738203957 0.458143074581 0 436 25 |0, 0, 0, 0|0, 1, 0, 0|4, 126, 0, 9|12, 124, 3, 28|5, 104, 1, 19
4 1 87 0.041095890411 0.465753424658 0 373 29 |0, 0, 0, 0|0, 1, 0, 0|4, 63, 0, 11|15, 145, 3, 31|3, 75, 4, 18
5 10 87 0.0426179604262 0.474885844749 0 249 10 |0, 0, 0, 0|0, 1, 0, 0|4, 118, 0, 10|3, 52, 1, 17|2, 28, 0, 13
5 9 87 0.0319634703196 0.464231354642 0 2724 10 |0, 0, 0, 0|0, 3, 0, 0|2, 290, 0, 578|5, 237, 0, 1018|3, 105, 0, 483
5 8 87 0.0426179604262 0.474885844749 0 350 19 |0, 0, 0, 0|0, 1, 0, 0|4, 79, 0, 7|5, 147, 3, 20|5, 59, 2, 18
5 7 87 0.0487062404871 0.476407914764 0 302 19 |0, 0, 0, 0|0, 1, 0, 0|2, 125, 0, 16|10, 72, 1, 16|5, 32, 1, 21
5 6 87 0.0334855403349 0.471841704718 0 362 15 |0, 0, 0, 0|0, 1, 0, 0|2, 98, 0, 8|6, 133, 2, 26|4, 59, 1, 22
5 5 87 0.0441400304414 0.467275494673 0 3303 13 |0, 0, 0, 0|0, 46, 0, 0|1, 443, 0, 669|7, 496, 0, 870|5, 231, 0, 535
5 4 87 0.0395738203957 0.468797564688 0 763 11 |0, 0, 0, 0|0, 1, 0, 0|3, 113, 0, 30|3, 208, 0, 148|4, 83, 1, 169
5 3 87 0.0380517503805 0.461187214612 0 4232 10 |0, 0, 0, 0|0, 16, 0, 0|4, 808, 0, 743|2, 697, 0, 1006|4, 309, 0, 643
5 2 87 0.0182648401826 0.473363774734 0 3589 4 |0, 0, 0, 0|0, 42, 0, 10|2, 1101, 0, 233|2, 984, 0, 480|0, 350, 0, 385
5 1 87 0.0289193302892 0.458143074581 0 1204 12 |0, 0, 0, 0|0, 3, 0, 0|3, 312, 0, 58|3, 381, 2, 153|3, 159, 1, 126
6 10 87 0.0563165905632 0.48401826484 0 369 21 |0, 0, 0, 0|0, 1, 0, 0|5, 98, 0, 12|6, 142, 1, 22|9, 51, 0, 22
6 9 87 0.0426179604262 0.474885844749 0 822 13 |0, 0, 0, 0|0, 2, 0, 0|1, 218, 0, 27|3, 163, 3, 182|5, 73, 1, 144
6 8 87 0.0563165905632 0.477929984779 0 328 20 |0, 0, 0, 0|0, 1, 0, 0|3, 96, 0, 5|11, 125, 2, 22|3, 48, 1, 11
6 7 87 0.0380517503805 0.467275494673 0 3805 8 |0, 0, 0, 0|0, 25, 0, 0|1, 729, 0, 662|3, 483, 1, 1027|3, 227, 0, 644
6 6 87 0.0502283105023 0.476407914764 0 249 14 |0, 0, 0, 0|0, 1, 0, 0|2, 121, 0, 8|4, 61, 1, 11|7, 28, 0, 5
6 5 87 0.0487062404871 0.470319634703 0 263 28 |0, 0, 0, 0|0, 1, 0, 0|2, 52, 0, 5|10, 110, 3, 16|10, 40, 3, 11
6 4 87 0.0547945205479 0.485540334855 0 357 22 |0, 0, 0, 0|0, 2, 0, 0|5, 147, 0, 12|7, 76, 2, 22|7, 63, 1, 13
6 3 87 0.0517503805175 0.477929984779 0 319 16 |0, 0, 0, 0|0, 1, 0, 0|2, 124, 0, 17|9, 76, 2, 26|3, 50, 0, 9
6 2 87 0.0380517503805 0.477929984779 0 1145 18 |0, 0, 0, 0|0, 2, 0, 0|2, 240, 0, 53|5, 238, 2, 252|7, 120, 2, 222
6 1 87 0.0456621004566 0.482496194825 0 4396 7 |0, 0, 0, 0|0, 21, 0, 0|1, 753, 0, 714|1, 619, 1, 1208|4, 278, 0, 796
7 10 87 0.0532724505327 0.488584474886 0 476 13 |0, 0, 0, 0|0, 1, 0, 0|1, 70, 0, 4|7, 195, 1, 27|3, 105, 1, 61
7 9 87 0.0578386605784 0.487062404871 0 521 10 |0, 0, 0, 0|0, 1, 0, 0|2, 125, 0, 15|3, 140, 0, 49|4, 93, 1, 88
7 8 87 0.0578386605784 0.474885844749 0 306 25 |0, 0, 0, 0|0, 1, 0, 0|2, 140, 0, 14|10, 62, 3, 18|9, 34, 1, 12
7 7 87 0.0441400304414 0.476407914764 0 919 10 |0, 0, 0, 0|0, 0, 0, 0|1, 73, 0, 58|3, 119, 0, 301|6, 97, 0, 261
7 6 87 0.0471841704718 0.482496194825 0 345 13 |0, 0, 0, 0|0, 2, 0, 0|3, 122, 0, 14|8, 97, 1, 20|1, 58, 0, 19
7 5 87 0.0563165905632 0.474885844749 0 267 39 |0, 0, 0, 0|0, 1, 0, 0|5, 105, 0, 7|16, 61, 3, 11|13, 27, 2, 16
7 4 87 0.041095890411 0.468797564688 0 964 11 |0, 0, 0, 0|0, 1, 0, 0|2, 175, 0, 34|6, 212, 0, 211|3, 97, 0, 223
7 3 87 0.0487062404871 0.477929984779 0 222 20 |0, 0, 0, 0|0, 1, 0, 0|1, 108, 0, 10|15, 51, 0, 8|3, 21, 1, 3
7 2 87 0.0593607305936 0.473363774734 0 282 30 |0, 0, 0, 0|0, 1, 0, 0|4, 125, 0, 6|14, 63, 1, 8|10, 33, 1, 16
7 1 87 0.0547945205479 0.487062404871 0 300 16 |0, 0, 0, 0|0, 1, 0, 0|2, 143, 0, 12|8, 70, 1, 13|5, 39, 0, 6
8 10 87 0.0578386605784 0.493150684932 0 313 18 |0, 0, 0, 0|0, 2, 0, 0|4, 126, 0, 16|8, 71, 1, 17|3, 47, 2, 16
8 9 87 0.0639269406393 0.48097412481 0 280 31 |0, 0, 0, 0|0, 1, 0, 0|4, 124, 0, 17|10, 44, 3, 19|12, 32, 2, 12
8 8 87 0.0532724505327 0.477929984779 0 296 20 |0, 0, 0, 0|0, 1, 0, 0|3, 64, 0, 1|7, 126, 5, 26|5, 44, 0, 14
8 7 87 0.0563165905632 0.488584474886 0 197 23 |0, 0, 0, 0|0, 0, 0, 0|5, 15, 0, 1|11, 80, 2, 19|5, 44, 0, 15
8 6 87 0.0547945205479 0.482496194825 0 336 23 |0, 0, 0, 0|0, 2, 0, 0|2, 133, 0, 21|13, 99, 2, 10|5, 43, 1, 5
8 5 87 0.0654490106545 0.494672754947 0 240 24 |0, 0, 0, 0|0, 1, 0, 0|5, 136, 0, 3|5, 34, 1, 14|11, 21, 2, 7
8 4 87 0.0547945205479 0.487062404871 0 95 27 |0, 0, 0, 0|0, 0, 0, 0|4, 3, 0, 0|12, 28, 2, 4|8, 26, 1, 7
8 3 87 0.0487062404871 0.493150684932 0 349 22 |0, 0, 0, 0|0, 1, 0, 0|5, 148, 0, 9|10, 87, 1, 23|6, 48, 0, 11
8 2 87 0.0365296803653 0.482496194825 0 983 11 |0, 0, 0, 0|0, 2, 0, 0|2, 341, 0, 78|7, 334, 0, 55|1, 116, 1, 46
8 1 87 0.0547945205479 0.485540334855 0 147 20 |0, 0, 0, 0|0, 0, 0, 0|3, 14, 0, 1|7, 46, 6, 15|3, 42, 1, 9
9 10 87 0.062404870624 0.493150684932 0 257 25 |0, 0, 0, 0|0, 1, 0, 0|4, 129, 0, 19|4, 42, 4, 10|10, 24, 3, 7
9 9 87 0.0258751902588 0.476407914764 0 2328 16 |0, 0, 0, 0|0, 20, 0, 3|2, 954, 0, 177|4, 633, 3, 176|6, 235, 1, 114
9 8 87 0.0563165905632 0.488584474886 0 783 16 |0, 0, 0, 0|0, 2, 0, 0|3, 147, 0, 46|3, 186, 2, 96|5, 138, 3, 152
9 7 87 0.0471841704718 0.508371385084 0 200 31 |0, 0, 0, 0|0, 1, 0, 0|2, 94, 0, 10|13, 30, 1, 8|14, 19, 1, 7
9 6 87 0.0563165905632 0.485540334855 0 265 24 |0, 0, 0, 0|0, 1, 0, 0|4, 127, 0, 5|7, 66, 1, 8|11, 27, 1, 7
9 5 87 0.0547945205479 0.485540334855 0 216 37 |0, 0, 0, 0|0, 1, 0, 0|4, 111, 0, 9|20, 33, 3, 4|10, 18, 0, 3
9 4 87 0.0547945205479 0.505327245053 0 307 16 |0, 0, 0, 0|0, 2, 0, 0|3, 130, 0, 9|1, 77, 0, 10|12, 42, 0, 21
9 3 87 0.0502283105023 0.490106544901 0 3611 17 |0, 0, 0, 0|0, 4, 0, 0|3, 455, 0, 635|8, 584, 0, 1032|4, 219, 2, 665
9 2 87 0.062404870624 0.499238964992 0 223 25 |0, 0, 0, 0|0, 0, 0, 0|2, 25, 0, 1|9, 64, 1, 25|11, 66, 2, 17
9 1 87 0.0563165905632 0.470319634703 0 237 36 |0, 0, 0, 0|0, 1, 0, 0|4, 115, 0, 6|17, 58, 3, 4|10, 15, 2, 2
10 10 87 0.0456621004566 0.470319634703 0 3828 19 |0, 0, 0, 0|0, 9, 0, 0|3, 756, 0, 537|8, 550, 1, 1020|6, 212, 1, 725
10 9 87 0.0578386605784 0.490106544901 0 88 26 |0, 0, 0, 0|0, 0, 0, 0|4, 8, 0, 0|9, 28, 3, 3|10, 20, 0, 3
10 8 87 0.0669710806697 0.488584474886 0 281 14 |0, 0, 0, 0|0, 1, 0, 0|2, 133, 0, 6|8, 65, 0, 8|3, 42, 1, 12
10 7 87 0.0563165905632 0.503805175038 0 113 27 |0, 0, 0, 0|0, 0, 0, 0|3, 6, 0, 0|15, 45, 0, 4|8, 19, 1, 12
10 6 87 0.0517503805175 0.506849315068 0 249 27 |0, 0, 0, 0|0, 1, 0, 0|3, 109, 0, 8|12, 60, 3, 8|8, 31, 1, 5
10 5 87 0.0654490106545 0.473363774734 0 276 28 |0, 0, 0, 0|0, 1, 0, 0|3, 112, 0, 10|14, 70, 1, 12|8, 35, 2, 8
10 4 87 0.062404870624 0.497716894977 0 299 17 |0, 0, 0, 0|0, 1, 0, 0|3, 75, 0, 4|5, 125, 1, 25|5, 39, 3, 13
10 3 87 0.0502283105023 0.488584474886 0 141 14 |0, 0, 0, 0|0, 0, 0, 0|2, 14, 0, 0|7, 52, 1, 13|3, 36, 1, 12
10 2 87 0.0532724505327 0.48401826484 0 2564 14 |0, 0, 0, 0|0, 23, 0, 0|3, 365, 0, 389|6, 272, 1, 896|4, 118, 0, 487
10 1 87 0.0608828006088 0.48097412481 0 333 26 |0, 0, 0, 0|0, 1, 0, 0|3, 72, 0, 4|14, 144, 1, 20|8, 46, 0, 20
11 10 87 0.0684931506849 0.490106544901 0 264 25 |0, 0, 0, 0|0, 1, 0, 0|4, 68, 0, 2|11, 107, 1, 15|5, 38, 4, 8
11 9 87 0.0547945205479 0.490106544901 0 303 15 |0, 0, 0, 0|0, 1, 0, 0|3, 122, 0, 8|5, 76, 1, 17|5, 51, 1, 13
11 8 87 0.0593607305936 0.48401826484 0 206 20 |0, 0, 0, 0|0, 1, 0, 0|5, 42, 0, 5|9, 101, 3, 8|3, 20, 0, 9
11 7 87 0.0639269406393 0.487062404871 0 261 29 |0, 0, 0, 0|0, 1, 0, 0|2, 131, 0, 10|10, 44, 1, 11|11, 22, 5, 13
11 6 87 0.0608828006088 0.496194824962 0 471 15 |0, 0, 0, 0|0, 1, 0, 0|1, 116, 0, 8|10, 127, 1, 46|3, 97, 0, 61
11 5 87 0.0593607305936 0.503805175038 0 114 26 |0, 0, 0, 0|0, 0, 0, 0|3, 6, 0, 0|15, 44, 1, 9|6, 26, 1, 3
11 4 87 0.0578386605784 0.48097412481 0 79 29 |0, 0, 0, 0|0, 0, 0, 0|3, 4, 0, 0|12, 19, 2, 7|11, 10, 1, 10
11 3 87 0.0578386605784 0.499238964992 0 328 26 |0, 0, 0, 0|0, 1, 0, 0|4, 152, 0, 13|13, 72, 1, 12|7, 42, 1, 10
11 2 87 0.0487062404871 0.500761035008 0 960 16 |0, 0, 0, 0|0, 1, 0, 0|3, 101, 0, 52|6, 207, 3, 259|2, 105, 2, 219
11 1 87 0.0639269406393 0.497716894977 0 160 25 |0, 0, 0, 0|0, 0, 0, 0|3, 12, 0, 1|7, 51, 5, 12|9, 39, 1, 20
12 10 87 0.0547945205479 0.511415525114 0 233 13 |0, 0, 0, 0|0, 1, 0, 0|3, 52, 0, 7|4, 111, 2, 11|2, 27, 2, 11
12 9 87 0.0639269406393 0.48401826484 0 149 21 |0, 0, 0, 0|0, 0, 0, 0|1, 12, 0, 2|6, 49, 2, 7|10, 45, 2, 13
12 8 87 0.0578386605784 0.496194824962 0 279 26 |0, 0, 0, 0|0, 1, 0, 0|0, 110, 0, 9|11, 65, 1, 21|12, 33, 2, 14
12 7 87 0.0471841704718 0.499238964992 0 636 17 |0, 0, 0, 0|0, 3, 0, 0|2, 87, 0, 170|6, 89, 1, 149|6, 38, 2, 83
12 6 87 0.0532724505327 0.488584474886 0 401 17 |0, 0, 0, 0|0, 1, 0, 0|4, 122, 0, 17|9, 114, 1, 21|3, 65, 0, 44
12 5 87 0.062404870624 0.482496194825 0 282 22 |0, 0, 0, 0|0, 1, 0, 0|4, 126, 0, 12|8, 54, 0, 15|8, 36, 2, 16
12 4 87 0.0608828006088 0.494672754947 0 229 34 |0, 0, 0, 0|0, 1, 0, 0|5, 124, 0, 6|15, 47, 3, 3|11, 14, 0, 0
12 3 87 0.0593607305936 0.508371385084 0 290 20 |0, 0, 0, 0|0, 1, 0, 0|2, 127, 0, 15|11, 74, 2, 8|4, 34, 1, 11
12 2 87 0.0532724505327 0.522070015221 0 606 26 |0, 0, 0, 0|0, 1, 0, 0|2, 66, 0, 17|11, 152, 4, 137|8, 65, 1, 142
12 1 87 0.0715372907154 0.491628614916 0 361 21 |0, 0, 0, 0|0, 1, 0, 0|1, 95, 0, 8|13, 139, 3, 26|3, 55, 1, 16
13 10 87 0.062404870624 0.508371385084 0 451 14 |0, 0, 0, 0|0, 2, 0, 0|1, 139, 0, 23|3, 133, 0, 27|9, 79, 1, 34
13 9 87 0.0654490106545 0.514459665145 0 274 16 |0, 0, 0, 0|0, 0, 0, 0|1, 25, 0, 4|8, 108, 1, 20|6, 85, 0, 16
13 8 87 0.0669710806697 0.499238964992 0 461 23 |0, 0, 0, 0|0, 1, 0, 0|4, 150, 0, 14|6, 124, 1, 27|8, 102, 4, 20
13 7 87 0.0547945205479 0.494672754947 0 242 21 |0, 0, 0, 0|0, 1, 0, 0|4, 120, 0, 6|10, 55, 4, 14|1, 25, 2, 0
13 6 87 0.0684931506849 0.503805175038 0 270 24 |0, 0, 0, 0|0, 1, 0, 0|3, 140, 0, 16|12, 50, 2, 8|7, 27, 0, 4
13 5 87 0.0578386605784 0.505327245053 0 137 23 |0, 0, 0, 0|0, 0, 0, 0|3, 13, 0, 1|7, 36, 3, 7|8, 36, 2, 21
13 4 87 0.0639269406393 0.508371385084 0 88 17 |0, 0, 0, 0|0, 0, 0, 0|5, 5, 0, 0|4, 34, 2, 4|6, 22, 0, 6
13 3 87 0.0608828006088 0.503805175038 0 214 28 |0, 0, 0, 0|0, 1, 0, 0|3, 102, 0, 9|13, 48, 4, 7|8, 13, 0, 6
13 2 87 0.0563165905632 0.511415525114 0 211 24 |0, 0, 0, 0|0, 1, 0, 0|5, 38, 0, 5|10, 114, 4, 7|4, 20, 1, 2
13 1 87 0.0654490106545 0.522070015221 0 183 28 |0, 0, 0, 0|0, 1, 0, 0|1, 94, 0, 7|14, 35, 3, 7|9, 9, 1, 2
14 10 87 0.0776255707763 0.505327245053 0 291 31 |0, 0, 0, 0|0, 2, 0, 0|3, 133, 0, 9|18, 51, 2, 17|8, 34, 0, 14
14 9 87 0.0684931506849 0.500761035008 0 173 23 |0, 0, 0, 0|0, 0, 0, 0|4, 12, 0, 2|11, 59, 1, 6|6, 50, 1, 21
14 8 87 0.0669710806697 0.506849315068 0 215 29 |0, 0, 0, 0|0, 0, 0, 0|3, 9, 0, 1|16, 83, 0, 21|8, 54, 2, 18
14 7 87 0.076103500761 0.505327245053 0 242 25 |0, 0, 0, 0|0, 1, 0, 0|3, 108, 0, 5|7, 66, 2, 12|9, 15, 4, 10
14 6 87 0.062404870624 0.512937595129 0 184 29 |0, 0, 0, 0|0, 0, 0, 0|2, 13, 0, 6|11, 67, 3, 14|13, 43, 0, 12
14 5 87 0.0593607305936 0.508371385084 0 256 29 |0, 0, 0, 0|0, 1, 0, 0|2, 53, 0, 5|13, 104, 2, 21|10, 31, 2, 12
14 4 87 0.0654490106545 0.511415525114 0 147 25 |0, 0, 0, 0|0, 0, 0, 0|3, 15, 0, 0|12, 48, 3, 11|7, 29, 0, 19
14 3 87 0.0700152207002 0.497716894977 0 310 25 |0, 0, 0, 0|0, 1, 0, 0|4, 68, 0, 7|8, 135, 2, 22|11, 36, 0, 16
14 2 87 0.0715372907154 0.506849315068 0 80 19 |0, 0, 0, 0|0, 0, 0, 0|4, 7, 0, 0|8, 21, 4, 5|3, 14, 0, 14
14 1 87 0.0563165905632 0.502283105023 0 173 11 |0, 0, 0, 0|0, 0, 0, 0|2, 13, 0, 0|4, 52, 2, 22|3, 43, 0, 32
15 10 87 0.076103500761 0.514459665145 0 224 27 |0, 0, 0, 0|0, 0, 0, 0|3, 16, 0, 4|11, 83, 2, 19|10, 58, 1, 17
15 9 87 0.0669710806697 0.523592085236 0 88 25 |0, 0, 0, 0|0, 0, 0, 0|3, 1, 0, 0|9, 28, 4, 7|7, 18, 2, 9
15 8 87 0.0715372907154 0.514459665145 0 126 17 |0, 0, 0, 0|0, 0, 0, 0|2, 13, 0, 1|5, 31, 0, 9|6, 44, 4, 11
15 7 87 0.0730593607306 0.508371385084 0 271 35 |0, 0, 0, 0|0, 1, 0, 0|4, 139, 0, 18|14, 39, 4, 12|9, 16, 4, 11
15 6 87 0.076103500761 0.51902587519 0 127 25 |0, 0, 0, 0|0, 0, 0, 0|3, 19, 0, 3|10, 24, 0, 10|11, 32, 1, 14
15 5 87 0.0745814307458 0.508371385084 0 251 21 |0, 0, 0, 0|0, 1, 0, 0|3, 114, 0, 11|6, 46, 0, 15|12, 32, 0, 11
15 4 87 0.0578386605784 0.497716894977 0 154 24 |0, 0, 0, 0|0, 0, 0, 0|2, 20, 0, 1|13, 41, 2, 13|7, 41, 0, 14
15 3 87 0.0608828006088 0.497716894977 0 335 12 |0, 0, 0, 0|0, 0, 0, 0|2, 28, 0, 6|0, 118, 0, 30|9, 117, 1, 24
15 2 87 0.062404870624 0.506849315068 0 682 22 |0, 0, 0, 0|0, 2, 0, 0|2, 162, 0, 113|11, 99, 3, 140|6, 50, 0, 94
15 1 87 0.0578386605784 0.511415525114 0 656 25 |0, 0, 0, 0|0, 2, 0, 0|3, 91, 0, 125|11, 116, 4, 163|7, 42, 0, 92
16 10 87 0.062404870624 0.514459665145 0 850 15 |0, 0, 0, 0|0, 2, 0, 0|3, 185, 0, 21|8, 174, 0, 195|4, 85, 0, 173
16 9 87 0.0669710806697 0.494672754947 0 88 27 |0, 0, 0, 0|0, 0, 0, 0|2, 2, 0, 0|14, 29, 2, 6|8, 21, 1, 3
16 8 87 0.0730593607306 0.514459665145 0 200 24 |0, 0, 0, 0|0, 1, 0, 0|3, 47, 0, 5|10, 89, 4, 10|7, 17, 0, 7
16 7 87 0.0700152207002 0.51598173516 0 200 16 |0, 0, 0, 0|0, 1, 0, 0|3, 100, 0, 10|7, 41, 1, 5|4, 20, 1, 7
16 6 87 0.0730593607306 0.505327245053 0 228 27 |0, 0, 0, 0|0, 1, 0, 0|4, 99, 0, 10|13, 56, 0, 9|9, 25, 1, 1
16 5 87 0.0715372907154 0.520547945205 0 227 30 |0, 0, 0, 0|0, 1, 0, 0|4, 51, 0, 3|9, 84, 5, 20|12, 28, 0, 10
16 4 87 0.0715372907154 0.512937595129 0 160 33 |0, 0, 0, 0|0, 0, 0, 0|3, 11, 0, 1|15, 48, 3, 8|12, 44, 0, 15
16 3 87 0.0791476407915 0.51902587519 0 225 40 |0, 0, 0, 0|0, 1, 0, 0|4, 106, 0, 11|18, 43, 4, 4|11, 16, 3, 4
16 2 87 0.0730593607306 0.506849315068 0 208 35 |0, 0, 0, 0|0, 1, 0, 0|5, 38, 0, 4|15, 80, 4, 20|10, 24, 1, 6
16 1 87 0.0806697108067 0.508371385084 0 263 24 |0, 0, 0, 0|0, 1, 0, 0|4, 63, 0, 2|7, 103, 2, 20|9, 44, 2, 6
17 10 87 0.0745814307458 0.512937595129 0 284 31 |0, 0, 0, 0|0, 1, 0, 0|4, 81, 0, 7|15, 108, 3, 13|5, 34, 4, 9
17 9 87 0.0684931506849 0.514459665145 0 141 20 |0, 0, 0, 0|0, 0, 0, 0|4, 15, 0, 3|5, 45, 2, 16|9, 25, 0, 17
17 8 87 0.0806697108067 0.522070015221 0 182 39 |0, 0, 0, 0|0, 0, 0, 0|3, 11, 0, 0|20, 57, 6, 11|8, 45, 2, 19
17 7 87 0.0882800608828 0.506849315068 0 267 33 |0, 0, 0, 0|0, 1, 0, 0|4, 129, 0, 12|16, 53, 5, 10|7, 16, 1, 13
17 6 87 0.0776255707763 0.511415525114 0 153 33 |0, 0, 0, 0|0, 0, 0, 0|4, 13, 0, 0|15, 49, 4, 6|8, 37, 2, 15
17 5 87 0.0867579908676 0.517503805175 0 161 37 |0, 0, 0, 0|0, 0, 0, 0|4, 7, 0, 1|18, 48, 1, 9|14, 45, 0, 14
17 4 87 0.0654490106545 0.511415525114 0 435 30 |0, 0, 0, 0|0, 1, 0, 0|4, 137, 0, 19|13, 102, 1, 23|12, 99, 0, 24
17 3 87 0.0684931506849 0.514459665145 0 134 28 |0, 0, 0, 0|0, 0, 0, 0|4, 10, 0, 2|13, 38, 4, 9|6, 38, 1, 9
17 2 87 0.0806697108067 0.511415525114 0 179 21 |0, 0, 0, 0|0, 0, 0, 0|3, 20, 0, 3|8, 53, 2, 15|8, 49, 0, 18
17 1 87 0.0684931506849 0.512937595129 0 122 20 |0, 0, 0, 0|0, 0, 0, 0|1, 6, 0, 1|10, 40, 3, 13|6, 31, 0, 11
18 10 87 0.0806697108067 0.522070015221 0 248 22 |0, 0, 0, 0|0, 1, 0, 0|3, 112, 0, 8|10, 58, 1, 4|8, 32, 0, 11
18 9 87 0.0776255707763 0.506849315068 0 309 28 |0, 0, 0, 0|0, 2, 0, 0|4, 115, 0, 14|11, 80, 1, 16|11, 49, 1, 5
18 8 87 0.0654490106545 0.514459665145 0 2884 19 |0, 0, 0, 0|0, 0, 0, 0|2, 297, 0, 317|9, 424, 2, 963|4, 210, 2, 654
18 7 87 0.0806697108067 0.514459665145 0 225 33 |0, 0, 0, 0|0, 1, 0, 0|4, 128, 0, 10|14, 30, 2, 6|12, 9, 1, 8
18 6 87 0.0852359208524 0.512937595129 0 250 28 |0, 0, 0, 0|0, 1, 0, 0|4, 121, 0, 13|17, 47, 2, 4|5, 22, 0, 14
18 5 87 0.076103500761 0.528158295282 0 179 21 |0, 0, 0, 0|0, 0, 0, 0|4, 17, 0, 3|9, 67, 3, 11|5, 50, 0, 10
18 4 87 0.0669710806697 0.517503805175 0 287 28 |0, 0, 0, 0|0, 1, 0, 0|4, 59, 0, 5|11, 109, 1, 20|12, 48, 0, 17
18 3 87 0.0821917808219 0.531202435312 0 116 39 |0, 0, 0, 0|0, 0, 0, 0|2, 7, 0, 1|17, 25, 6, 11|13, 26, 1, 7
18 2 87 0.0639269406393 0.511415525114 0 251 29 |0, 0, 0, 0|0, 1, 0, 0|5, 59, 0, 5|12, 100, 6, 18|4, 32, 2, 7
18 1 87 0.0821917808219 0.502283105023 0 265 35 |0, 0, 0, 0|0, 1, 0, 0|3, 112, 0, 7|16, 53, 0, 8|14, 35, 2, 14
19 10 87 0.0821917808219 0.523592085236 0 235 35 |0, 0, 0, 0|0, 1, 0, 0|4, 55, 0, 3|17, 96, 3, 15|9, 25, 2, 5
19 9 87 0.0700152207002 0.51598173516 0 270 32 |0, 0, 0, 0|0, 1, 0, 0|3, 57, 0, 3|12, 120, 2, 11|13, 39, 2, 7
19 8 87 0.0700152207002 0.511415525114 0 317 32 |0, 0, 0, 0|0, 1, 0, 0|3, 58, 0, 5|17, 129, 2, 18|9, 59, 1, 15
19 7 87 0.0700152207002 0.520547945205 0 96 26 |0, 0, 0, 0|0, 0, 0, 0|3, 1, 0, 0|15, 39, 4, 8|4, 19, 0, 3
19 6 87 0.0730593607306 0.51902587519 0 145 26 |0, 0, 0, 0|0, 0, 0, 0|3, 8, 0, 1|18, 55, 0, 10|5, 33, 0, 12
19 5 87 0.0791476407915 0.525114155251 0 88 27 |0, 0, 0, 0|0, 0, 0, 0|3, 6, 0, 0|16, 16, 0, 9|7, 23, 1, 7
19 4 87 0.0776255707763 0.522070015221 0 373 27 |0, 0, 0, 0|0, 1, 0, 0|2, 85, 0, 8|11, 158, 2, 25|11, 50, 1, 19
19 3 87 0.0745814307458 0.525114155251 0 179 37 |0, 0, 0, 0|0, 0, 0, 0|3, 15, 0, 2|19, 59, 4, 16|10, 39, 1, 11
19 2 87 0.0776255707763 0.522070015221 0 264 41 |0, 0, 0, 0|0, 1, 0, 0|4, 143, 0, 8|17, 42, 2, 4|15, 21, 3, 4
19 1 87 0.0821917808219 0.508371385084 0 81 38 |0, 0, 0, 0|0, 0, 0, 0|3, 3, 0, 0|17, 19, 4, 3|9, 16, 5, 2
20 10 87 0.0745814307458 0.522070015221 0 201 37 |0, 0, 0, 0|0, 1, 0, 0|3, 39, 0, 3|16, 86, 2, 10|15, 21, 1, 4
20 9 87 0.0715372907154 0.526636225266 0 47 32 |0, 0, 0, 0|0, 0, 0, 0|4, 0, 0, 0|11, 3, 0, 0|12, 8, 5, 4
20 8 87 0.089802130898 0.522070015221 0 209 30 |0, 0, 0, 0|0, 1, 0, 0|3, 43, 0, 6|12, 94, 2, 8|12, 24, 1, 3
20 7 87 0.0806697108067 0.528158295282 0 89 38 |0, 0, 0, 0|0, 0, 0, 0|4, 3, 0, 0|16, 22, 2, 2|16, 18, 0, 6
20 6 87 0.0867579908676 0.540334855403 0 195 33 |0, 0, 0, 0|0, 1, 0, 0|2, 38, 0, 2|17, 99, 3, 7|9, 12, 2, 3
20 5 87 0.0821917808219 0.511415525114 0 234 26 |0, 0, 0, 0|0, 1, 0, 0|4, 57, 0, 5|9, 102, 5, 9|5, 28, 3, 6
20 4 87 0.0745814307458 0.529680365297 0 83 38 |0, 0, 0, 0|0, 0, 0, 0|4, 2, 0, 0|21, 16, 4, 8|7, 12, 2, 7
20 3 87 0.0730593607306 0.528158295282 0 93 41 |0, 0, 0, 0|0, 0, 0, 0|4, 1, 0, 0|12, 25, 4, 3|16, 18, 5, 5
20 2 87 0.0837138508371 0.538812785388 0 54 42 |0, 0, 0, 0|0, 0, 0, 0|5, 0, 0, 0|15, 4, 6, 1|13, 4, 3, 3
20 1 87 0.0882800608828 0.540334855403 0 57 41 |0, 0, 0, 0|0, 0, 0, 0|4, 3, 0, 0|17, 9, 3, 0|15, 2, 2, 2
21 10 87 0.0821917808219 0.529680365297 0 159 23 |0, 0, 0, 0|0, 1, 0, 0|4, 97, 0, 6|14, 19, 0, 3|5, 7, 0, 3
21 9 87 0.0928462709285 0.534246575342 0 220 46 |0, 0, 0, 0|0, 1, 0, 0|4, 48, 0, 4|12, 93, 4, 5|22, 16, 4, 7
21 8 87 0.0806697108067 0.528158295282 0 56 29 |0, 0, 0, 0|0, 0, 0, 0|5, 3, 0, 0|11, 12, 2, 1|9, 10, 2, 1
21 7 87 0.0776255707763 0.531202435312 0 168 27 |0, 0, 0, 0|0, 1, 0, 0|4, 40, 0, 3|10, 67, 2, 9|6, 16, 5, 5
21 6 87 0.0745814307458 0.535768645358 0 222 37 |0, 0, 0, 0|0, 1, 0, 0|2, 104, 0, 12|15, 36, 2, 4|17, 25, 1, 3
21 5 87 0.089802130898 0.531202435312 0 68 43 |0, 0, 0, 0|0, 0, 0, 0|4, 0, 0, 0|20, 13, 6, 1|7, 7, 6, 4
21 4 87 0.089802130898 0.544901065449 0 228 28 |0, 0, 0, 0|0, 1, 0, 0|3, 54, 0, 7|19, 104, 0, 16|6, 15, 0, 3
21 3 87 0.0776255707763 0.531202435312 0 90 25 |0, 0, 0, 0|0, 0, 0, 0|3, 4, 0, 0|9, 23, 3, 6|10, 25, 0, 7
21 2 87 0.0867579908676 0.537290715373 0 199 28 |0, 0, 0, 0|0, 1, 0, 0|4, 61, 0, 3|11, 90, 3, 8|9, 7, 1, 1
21 1 87 0.0791476407915 0.529680365297 0 169 37 |0, 0, 0, 0|0, 1, 0, 0|2, 44, 0, 4|15, 66, 7, 10|11, 4, 2, 3
22 10 87 0.0852359208524 0.51598173516 0 172 32 |0, 0, 0, 0|0, 1, 0, 0|3, 47, 0, 3|18, 71, 0, 6|9, 10, 2, 2
22 9 87 0.0913242009132 0.531202435312 0 171 23 |0, 0, 0, 0|0, 1, 0, 0|5, 58, 0, 1|5, 74, 4, 8|8, 5, 1, 1
22 8 87 0.0852359208524 0.528158295282 0 75 30 |0, 0, 0, 0|0, 0, 0, 0|3, 4, 0, 0|13, 10, 5, 3|4, 25, 5, 3
22 7 87 0.0837138508371 0.522070015221 0 66 39 |0, 0, 0, 0|0, 0, 0, 0|3, 0, 0, 0|22, 6, 2, 3|8, 14, 4, 4
22 6 87 0.0852359208524 0.526636225266 0 49 41 |0, 0, 0, 0|0, 0, 0, 0|4, 3, 0, 0|15, 1, 6, 0|15, 4, 1, 0
22 5 87 0.0791476407915 0.531202435312 0 35 31 |0, 0, 0, 0|0, 0, 0, 0|4, 0, 0, 0|15, 1, 2, 0|8, 3, 2, 0
22 4 87 0.0821917808219 0.528158295282 0 184 40 |0, 0, 0, 0|0, 1, 0, 0|3, 41, 0, 7|21, 80, 3, 4|12, 10, 1, 1
22 3 87 0.0882800608828 0.522070015221 0 36 35 |0, 0, 0, 0|0, 0, 0, 0|4, 0, 0, 0|20, 0, 2, 0|8, 1, 1, 0
22 2 87 0.0852359208524 0.544901065449 0 207 27 |0, 0, 0, 0|0, 1, 0, 0|4, 36, 0, 3|13, 98, 3, 7|6, 28, 1, 7
22 1 87 0.0867579908676 0.543378995434 0 51 32 |0, 0, 0, 0|0, 0, 0, 0|4, 3, 0, 0|14, 7, 2, 0|11, 7, 1, 2
23 10 87 0.0882800608828 0.520547945205 0 205 38 |0, 0, 0, 0|0, 1, 0, 0|4, 101, 0, 11|17, 37, 4, 7|11, 10, 2, 0
23 9 87 0.0958904109589 0.51598173516 0 47 42 |0, 0, 0, 0|0, 0, 0, 0|2, 0, 0, 0|23, 1, 2, 1|14, 1, 1, 2
23 8 87 0.0776255707763 0.535768645358 0 71 33 |0, 0, 0, 0|0, 0, 0, 0|5, 4, 0, 0|16, 13, 3, 1|9, 17, 0, 3
23 7 87 0.0852359208524 0.535768645358 0 71 33 |0, 0, 0, 0|0, 0, 0, 0|3, 0, 0, 0|20, 17, 4, 2|4, 14, 2, 5
23 6 87 0.0852359208524 0.532724505327 0 204 29 |0, 0, 0, 0|0, 1, 0, 0|3, 51, 0, 5|10, 85, 5, 17|11, 13, 0, 3
23 5 87 0.0837138508371 0.532724505327 0 50 39 |0, 0, 0, 0|0, 0, 0, 0|4, 0, 0, 0|21, 4, 1, 1|11, 5, 2, 1
23 4 87 0.0821917808219 0.523592085236 0 206 46 |0, 0, 0, 0|0, 1, 0, 0|3, 47, 0, 4|26, 80, 9, 12|7, 12, 1, 4
23 3 87 0.089802130898 0.51902587519 0 43 38 |0, 0, 0, 0|0, 0, 0, 0|2, 0, 0, 0|13, 1, 3, 0|17, 4, 3, 0
23 2 87 0.0928462709285 0.535768645358 0 43 42 |0, 0, 0, 0|0, 0, 0, 0|4, 0, 0, 0|15, 0, 3, 0|19, 1, 1, 0
23 1 87 0.0837138508371 0.529680365297 0 198 34 |0, 0, 0, 0|0, 1, 0, 0|3, 96, 0, 7|16, 34, 2, 6|11, 17, 2, 3
24 10 87 0.0928462709285 0.538812785388 0 111 48 |0, 0, 0, 0|0, 0, 0, 0|3, 2, 0, 0|24, 28, 7, 3|12, 27, 2, 3
24 9 87 0.0928462709285 0.532724505327 0 66 39 |0, 0, 0, 0|0, 0, 0, 0|3, 2, 0, 0|16, 14, 3, 0|17, 9, 0, 2
24 8 87 0.0806697108067 0.529680365297 0 213 39 |0, 0, 0, 0|0, 1, 0, 0|3, 48, 0, 7|18, 82, 3, 10|11, 21, 4, 5
24 7 87 0.0806697108067 0.538812785388 0 202 20 |0, 0, 0, 0|0, 1, 0, 0|2, 53, 0, 3|7, 90, 2, 3|7, 21, 2, 11
24 6 87 0.0943683409437 0.531202435312 0 224 42 |0, 0, 0, 0|0, 1, 0, 0|4, 117, 0, 10|16, 39, 4, 6|14, 6, 4, 3
24 5 87 0.0882800608828 0.529680365297 0 171 37 |0, 0, 0, 0|0, 1, 0, 0|5, 43, 0, 3|16, 66, 3, 5|10, 12, 3, 4
24 4 87 0.0776255707763 0.529680365297 0 108 27 |0, 0, 0, 0|0, 0, 0, 0|3, 7, 0, 0|11, 29, 2, 6|9, 33, 2, 6
24 3 87 0.0958904109589 0.522070015221 0 44 40 |0, 0, 0, 0|0, 0, 0, 0|3, 2, 0, 0|18, 0, 3, 0|11, 2, 5, 0
24 2 87 0.0882800608828 0.547945205479 0 86 36 |0, 0, 0, 0|0, 0, 0, 0|4, 5, 0, 0|16, 21, 2, 3|14, 19, 0, 2
24 1 87 0.0837138508371 0.534246575342 0 56 32 |0, 0, 0, 0|0, 0, 0, 0|4, 3, 0, 0|16, 10, 4, 1|7, 10, 1, 0
25 10 87 0.089802130898 0.544901065449 0 82 40 |0, 0, 0, 0|0, 0, 0, 0|4, 2, 0, 0|19, 17, 3, 5|13, 16, 1, 2
25 9 87 0.089802130898 0.546423135464 0 72 45 |0, 0, 0, 0|0, 0, 0, 0|5, 6, 0, 0|12, 3, 3, 0|24, 16, 1, 2
25 8 87 0.10197869102 0.546423135464 0 62 45 |0, 0, 0, 0|0, 0, 0, 0|4, 0, 0, 0|23, 7, 2, 2|14, 5, 2, 3
25 7 87 0.0867579908676 0.534246575342 0 203 36 |0, 0, 0, 0|0, 1, 0, 0|3, 41, 0, 5|15, 95, 6, 7|12, 11, 0, 7
25 6 87 0.0913242009132 0.525114155251 0 48 43 |0, 0, 0, 0|0, 0, 0, 0|3, 0, 0, 0|19, 1, 3, 1|17, 3, 1, 0
25 5 87 0.0989345509893 0.547945205479 0 46 30 |0, 0, 0, 0|0, 0, 0, 0|3, 3, 0, 0|13, 8, 2, 0|12, 5, 0, 0
25 4 87 0.0913242009132 0.529680365297 0 49 39 |0, 0, 0, 0|0, 0, 0, 0|4, 3, 0, 0|19, 2, 2, 1|14, 3, 0, 1
25 3 87 0.089802130898 0.541856925419 0 76 37 |0, 0, 0, 0|0, 0, 0, 0|4, 1, 0, 0|23, 15, 2, 3|5, 17, 3, 3
25 2 87 0.0974124809741 0.526636225266 0 47 44 |0, 0, 0, 0|0, 0, 0, 0|3, 0, 0, 0|27, 0, 4, 1|6, 1, 4, 1
25 1 87 0.0867579908676 0.531202435312 0 57 24 |0, 0, 0, 0|0, 0, 0, 0|4, 5, 0, 0|9, 10, 2, 1|9, 13, 0, 4
26 10 87 0.0943683409437 0.543378995434 0 55 37 |0, 0, 0, 0|0, 0, 0, 0|4, 0, 0, 0|17, 6, 3, 2|13, 10, 0, 0
26 9 87 0.0943683409437 0.534246575342 0 89 40 |0, 0, 0, 0|0, 0, 0, 0|3, 2, 0, 0|16, 18, 5, 8|10, 18, 6, 3
26 8 87 0.0974124809741 0.538812785388 0 219 60 |0, 0, 0, 0|0, 1, 0, 0|4, 43, 0, 2|29, 84, 4, 11|19, 18, 4, 0
26 7 87 0.0913242009132 0.541856925419 0 179 41 |0, 0, 0, 0|0, 1, 0, 0|4, 45, 0, 5|17, 75, 5, 6|14, 5, 1, 1
26 6 87 0.0913242009132 0.529680365297 0 189 28 |0, 0, 0, 0|0, 1, 0, 0|4, 111, 0, 16|8, 23, 2, 0|11, 8, 3, 2
26 5 87 0.0882800608828 0.534246575342 0 48 43 |0, 0, 0, 0|0, 0, 0, 0|4, 0, 0, 0|25, 2, 4, 0|9, 2, 1, 1
26 4 87 0.0913242009132 0.535768645358 0 207 30 |0, 0, 0, 0|0, 1, 0, 0|4, 50, 0, 2|13, 99, 2, 6|8, 14, 3, 5
26 3 87 0.0837138508371 0.537290715373 0 185 41 |0, 0, 0, 0|0, 1, 0, 0|3, 39, 0, 2|24, 81, 4, 9|7, 11, 3, 1
26 2 87 0.089802130898 0.543378995434 0 62 41 |0, 0, 0, 0|0, 0, 0, 0|4, 2, 0, 0|21, 4, 7, 0|8, 11, 1, 4
26 1 87 0.0958904109589 0.546423135464 0 43 33 |0, 0, 0, 0|0, 0, 0, 0|4, 0, 0, 0|13, 4, 4, 0|12, 4, 0, 2
27 10 87 0.0837138508371 0.543378995434 0 74 40 |0, 0, 0, 0|0, 0, 0, 0|5, 1, 0, 0|19, 13, 2, 2|12, 17, 2, 1
27 9 87 0.0913242009132 0.538812785388 0 198 36 |0, 0, 0, 0|0, 1, 0, 0|3, 40, 0, 3|12, 98, 6, 13|13, 5, 2, 2
27 8 87 0.0989345509893 0.547945205479 0 41 38 |0, 0, 0, 0|0, 0, 0, 0|4, 0, 0, 0|16, 1, 4, 0|12, 2, 2, 0
27 7 87 0.089802130898 0.547945205479 0 46 33 |0, 0, 0, 0|0, 0, 0, 0|4, 0, 0, 0|15, 4, 3, 0|10, 8, 1, 1
27 6 87 0.0928462709285 0.549467275495 0 39 33 |0, 0, 0, 0|0, 0, 0, 0|4, 3, 0, 0|15, 0, 4, 0|10, 2, 0, 1
27 5 87 0.0928462709285 0.540334855403 0 161 34 |0, 0, 0, 0|0, 1, 0, 0|3, 39, 0, 5|15, 73, 2, 2|11, 7, 3, 0
27 4 87 0.100456621005 0.540334855403 0 48 45 |0, 0, 0, 0|0, 0, 0, 0|5, 0, 0, 0|25, 0, 2, 1|12, 2, 1, 0
27 3 87 0.100456621005 0.537290715373 0 192 47 |0, 0, 0, 0|0, 1, 0, 0|5, 47, 0, 2|26, 77, 0, 5|15, 12, 1, 1
27 2 87 0.0882800608828 0.532724505327 0 212 39 |0, 0, 0, 0|0, 1, 0, 0|5, 50, 0, 4|25, 83, 1, 8|7, 23, 1, 4
27 1 87 0.0958904109589 0.531202435312 0 210 50 |0, 0, 0, 0|0, 1, 0, 0|4, 35, 0, 4|30, 98, 2, 9|10, 10, 4, 3
28 10 87 0.0928462709285 0.55098934551 0 169 37 |0, 0, 0, 0|0, 1, 0, 0|5, 33, 0, 2|16, 79, 2, 6|10, 11, 4, 0
28 9 87 0.0974124809741 0.547945205479 0 64 45 |0, 0, 0, 0|0, 0, 0, 0|3, 0, 0, 0|21, 11, 6, 0|13, 7, 2, 1
28 8 87 0.0958904109589 0.552511415525 0 210 52 |0, 0, 0, 0|0, 1, 0, 0|5, 115, 0, 7|31, 26, 4, 4|6, 4, 6, 1
28 7 87 0.0958904109589 0.549467275495 0 229 55 |0, 0, 0, 0|0, 1, 0, 0|4, 43, 0, 5|28, 98, 5, 7|15, 14, 3, 6
28 6 87 0.0928462709285 0.544901065449 0 35 28 |0, 0, 0, 0|0, 0, 0, 0|1, 0, 0, 0|13, 5, 1, 0|10, 1, 3, 1
28 5 87 0.0943683409437 0.55098934551 0 74 41 |0, 0, 0, 0|0, 0, 0, 0|4, 2, 0, 0|26, 14, 4, 3|4, 12, 3, 2
28 4 87 0.100456621005 0.544901065449 0 200 36 |0, 0, 0, 0|0, 1, 0, 0|4, 40, 0, 5|16, 87, 2, 10|12, 21, 2, 0
28 3 87 0.0989345509893 0.549467275495 0 172 31 |0, 0, 0, 0|0, 1, 0, 0|4, 31, 0, 4|16, 88, 2, 6|8, 8, 1, 3
28 2 87 0.0989345509893 0.535768645358 0 44 41 |0, 0, 0, 0|0, 0, 0, 0|2, 0, 0, 0|17, 2, 4, 0|13, 1, 5, 0
28 1 87 0.0852359208524 0.544901065449 0 190 30 |0, 0, 0, 0|0, 1, 0, 0|4, 46, 0, 4|16, 82, 3, 8|5, 16, 2, 3
29 10 87 0.0928462709285 0.540334855403 0 68 35 |0, 0, 0, 0|0, 0, 0, 0|3, 5, 0, 0|18, 8, 1, 3|10, 14, 3, 3
29 9 87 0.0989345509893 0.55098934551 0 84 48 |0, 0, 0, 0|0, 0, 0, 0|5, 2, 0, 0|16, 10, 2, 2|23, 18, 2, 4
29 8 87 0.0913242009132 0.540334855403 0 91 42 |0, 0, 0, 0|0, 0, 0, 0|3, 4, 0, 0|17, 22, 4, 3|16, 17, 2, 3
29 7 87 0.0974124809741 0.544901065449 0 54 49 |0, 0, 0, 0|0, 0, 0, 0|4, 0, 0, 0|24, 5, 4, 0|16, 0, 1, 0
29 6 87 0.0958904109589 0.55098934551 0 74 39 |0, 0, 0, 0|0, 0, 0, 0|4, 1, 0, 0|22, 17, 2, 1|11, 13, 0, 3
29 5 87 0.0974124809741 0.546423135464 0 46 42 |0, 0, 0, 0|0, 0, 0, 0|4, 1, 0, 0|21, 1, 3, 0|10, 1, 4, 1
29 4 87 0.0928462709285 0.534246575342 0 90 60 |0, 0, 0, 0|0, 0, 0, 0|3, 1, 0, 0|29, 8, 3, 4|20, 14, 5, 3
29 3 87 0.100456621005 0.544901065449 0 54 36 |0, 0, 0, 0|0, 0, 0, 0|4, 0, 0, 0|24, 11, 2, 0|4, 4, 2, 3
29 2 87 0.0958904109589 0.549467275495 0 58 56 |0, 0, 0, 0|0, 0, 0, 0|2, 0, 0, 0|31, 1, 7, 0|14, 1, 2, 0
29 1 87 0.089802130898 0.538812785388 0 80 34 |0, 0, 0, 0|0, 0, 0, 0|4, 3, 0, 0|14, 19, 2, 3|10, 19, 4, 2
30 10 87 0.10197869102 0.558599695586 0 44 42 |0, 0, 0, 0|0, 0, 0, 0|4, 0, 0, 0|20, 2, 3, 0|12, 0, 3, 0
30 9 87 0.103500761035 0.546423135464 0 62 54 |0, 0, 0, 0|0, 0, 0, 0|5, 2, 0, 0|19, 1, 4, 0|24, 5, 2, 0
30 8 87 0.100456621005 0.546423135464 0 52 44 |0, 0, 0, 0|0, 0, 0, 0|4, 2, 0, 0|18, 0, 4, 0|15, 5, 3, 1
30 7 87 0.0913242009132 0.546423135464 0 97 48 |0, 0, 0, 0|0, 0, 0, 0|5, 2, 0, 0|20, 20, 4, 5|17, 17, 2, 5
30 6 87 0.100456621005 0.543378995434 0 45 39 |0, 0, 0, 0|0, 0, 0, 0|3, 0, 0, 0|14, 1, 7, 0|10, 3, 5, 2
30 5 87 0.100456621005 0.555555555556 0 191 41 |0, 0, 0, 0|0, 1, 0, 0|4, 47, 0, 5|16, 74, 3, 11|16, 11, 2, 1
30 4 87 0.089802130898 0.541856925419 0 61 34 |0, 0, 0, 0|0, 0, 0, 0|4, 1, 0, 0|10, 9, 5, 6|11, 8, 4, 3
30 3 87 0.0974124809741 0.557077625571 0 38 34 |0, 0, 0, 0|0, 0, 0, 0|4, 2, 0, 0|14, 1, 3, 0|12, 1, 1, 0
30 2 87 0.0974124809741 0.547945205479 0 50 39 |0, 0, 0, 0|0, 0, 0, 0|3, 3, 0, 0|15, 0, 7, 1|12, 5, 2, 2
30 1 87 0.0943683409437 0.544901065449 0 44 44 |0, 0, 0, 0|0, 0, 0, 0|2, 0, 0, 0|19, 0, 7, 0|12, 0, 4, 0
31 10 87 0.100456621005 0.555555555556 0 40 39 |0, 0, 0, 0|0, 0, 0, 0|5, 0, 0, 0|17, 1, 4, 0|10, 0, 3, 0
31 9 87 0.0928462709285 0.55403348554 0 86 53 |0, 0, 0, 0|0, 0, 0, 0|5, 2, 0, 0|25, 5, 2, 3|16, 22, 5, 1
31 8 87 0.10197869102 0.552511415525 0 177 37 |0, 0, 0, 0|0, 1, 0, 0|3, 38, 0, 6|18, 78, 3, 10|12, 6, 1, 1
31 7 87 0.106544901065 0.55403348554 0 52 51 |0, 0, 0, 0|0, 0, 0, 0|4, 0, 0, 0|22, 0, 4, 0|16, 1, 5, 0
31 6 87 0.103500761035 0.549467275495 0 166 37 |0, 0, 0, 0|0, 1, 0, 0|3, 40, 0, 5|16, 63, 3, 10|13, 7, 2, 3
31 5 87 0.0913242009132 0.543378995434 0 81 47 |0, 0, 0, 0|0, 0, 0, 0|4, 2, 0, 0|24, 11, 5, 2|10, 18, 4, 1
31 4 87 0.10197869102 0.55403348554 0 56 53 |0, 0, 0, 0|0, 0, 0, 0|4, 0, 0, 0|21, 2, 1, 0|23, 1, 4, 0
31 3 87 0.10502283105 0.55098934551 0 197 57 |0, 0, 0, 0|0, 1, 0, 0|4, 49, 0, 4|23, 62, 6, 14|19, 7, 5, 3
31 2 87 0.0974124809741 0.557077625571 0 71 43 |0, 0, 0, 0|0, 0, 0, 0|5, 2, 0, 0|24, 10, 3, 1|11, 13, 0, 2
31 1 87 0.10197869102 0.549467275495 0 33 32 |0, 0, 0, 0|0, 0, 0, 0|4, 0, 0, 0|16, 1, 0, 0|10, 0, 2, 0
32 10 87 0.0958904109589 0.55403348554 0 37 32 |0, 0, 0, 0|0, 0, 0, 0|4, 3, 0, 0|12, 2, 2, 0|13, 0, 1, 0
32 9 87 0.10502283105 0.552511415525 0 42 42 |0, 0, 0, 0|0, 0, 0, 0|5, 0, 0, 0|17, 0, 4, 0|15, 0, 1, 0
32 8 87 0.0974124809741 0.560121765601 0 69 39 |0, 0, 0, 0|0, 0, 0, 0|4, 2, 0, 0|20, 10, 2, 2|10, 14, 3, 2
32 7 87 0.103500761035 0.55403348554 0 42 42 |0, 0, 0, 0|0, 0, 0, 0|3, 0, 0, 0|19, 0, 6, 0|13, 0, 1, 0
32 6 87 0.10502283105 0.549467275495 0 221 60 |0, 0, 0, 0|0, 1, 0, 0|5, 37, 0, 5|26, 89, 5, 14|22, 13, 2, 2
32 5 87 0.10197869102 0.552511415525 0 196 52 |0, 0, 0, 0|0, 1, 0, 0|3, 46, 0, 5|28, 80, 0, 6|18, 6, 3, 0
32 4 87 0.0943683409437 0.555555555556 0 59 28 |0, 0, 0, 0|0, 0, 0, 0|3, 2, 0, 0|15, 13, 2, 1|7, 12, 1, 3
32 3 87 0.100456621005 0.546423135464 0 48 47 |0, 0, 0, 0|0, 0, 0, 0|2, 0, 0, 0|21, 1, 3, 0|17, 0, 4, 0
32 2 87 0.100456621005 0.547945205479 0 76 45 |0, 0, 0, 0|0, 0, 0, 0|4, 2, 0, 0|16, 12, 1, 4|20, 10, 4, 3
32 1 87 0.10502283105 0.552511415525 0 185 48 |0, 0, 0, 0|0, 1, 0, 0|4, 37, 0, 4|17, 75, 6, 10|20, 9, 1, 1
33 10 87 0.10502283105 0.561643835616 0 48 44 |0, 0, 0, 0|0, 0, 0, 0|5, 0, 0, 0|17, 0, 2, 1|19, 1, 1, 2
33 9 87 0.106544901065 0.552511415525 0 42 41 |0, 0, 0, 0|0, 0, 0, 0|3, 0, 0, 0|18, 0, 3, 0|12, 1, 5, 0
33 8 87 0.0958904109589 0.560121765601 0 207 39 |0, 0, 0, 0|0, 1, 0, 0|3, 56, 0, 5|19, 81, 3, 6|13, 16, 1, 3
33 7 87 0.10502283105 0.552511415525 0 197 50 |0, 0, 0, 0|0, 1, 0, 0|4, 40, 0, 1|20, 88, 0, 10|23, 6, 3, 1
33 6 87 0.103500761035 0.558599695586 0 190 44 |0, 0, 0, 0|0, 1, 0, 0|5, 42, 0, 6|17, 81, 2, 6|16, 9, 4, 1
33 5 87 0.108066971081 0.555555555556 0 47 47 |0, 0, 0, 0|0, 0, 0, 0|5, 0, 0, 0|23, 0, 2, 0|13, 0, 4, 0
33 4 87 0.10197869102 0.55403348554 0 55 35 |0, 0, 0, 0|0, 0, 0, 0|4, 0, 0, 0|18, 7, 2, 3|8, 9, 3, 1
33 3 87 0.0989345509893 0.55403348554 0 51 30 |0, 0, 0, 0|0, 0, 0, 0|3, 1, 0, 0|10, 8, 3, 1|13, 11, 1, 0
33 2 87 0.100456621005 0.552511415525 0 51 48 |0, 0, 0, 0|0, 0, 0, 0|4, 0, 0, 0|24, 1, 5, 0|15, 2, 0, 0
33 1 87 0.103500761035 0.560121765601 0 47 44 |0, 0, 0, 0|0, 0, 0, 0|5, 0, 0, 0|20, 0, 4, 0|9, 3, 6, 0
34 10 87 0.10502283105 0.558599695586 0 47 45 |0, 0, 0, 0|0, 0, 0, 0|4, 0, 0, 0|20, 0, 2, 0|18, 0, 1, 2
34 9 87 0.106544901065 0.558599695586 0 35 34 |0, 0, 0, 0|0, 0, 0, 0|3, 0, 0, 0|16, 0, 3, 0|12, 1, 0, 0
34 8 87 0.10502283105 0.552511415525 0 203 40 |0, 0, 0, 0|0, 1, 0, 0|4, 46, 0, 4|16, 90, 2, 9|13, 10, 5, 3
34 7 87 0.10502283105 0.555555555556 0 53 49 |0, 0, 0, 0|0, 0, 0, 0|4, 0, 0, 0|18, 1, 5, 0|17, 2, 5, 1
34 6 87 0.103500761035 0.557077625571 0 53 47 |0, 0, 0, 0|0, 0, 0, 0|5, 0, 0, 0|18, 2, 2, 0|17, 4, 5, 0
34 5 87 0.10502283105 0.561643835616 0 48 47 |0, 0, 0, 0|0, 0, 0, 0|4, 0, 0, 0|23, 0, 2, 0|17, 1, 1, 0
34 4 87 0.103500761035 0.563165905632 0 59 58 |0, 0, 0, 0|0, 0, 0, 0|3, 0, 0, 0|24, 1, 4, 0|24, 0, 3, 0
34 3 87 0.100456621005 0.55403348554 0 40 38 |0, 0, 0, 0|0, 0, 0, 0|3, 0, 0, 0|15, 0, 3, 0|16, 1, 1, 1
34 2 87 0.100456621005 0.555555555556 0 54 49 |0, 0, 0, 0|0, 0, 0, 0|3, 0, 0, 0|22, 1, 5, 0|17, 3, 2, 1
34 1 87 0.0974124809741 0.560121765601 0 68 37 |0, 0, 0, 0|0, 0, 0, 0|2, 2, 0, 0|19, 9, 5, 3|10, 13, 1, 4
35 10 87 0.106544901065 0.564687975647 0 51 48 |0, 0, 0, 0|0, 0, 0, 0|2, 0, 0, 0|26, 3, 3, 0|14, 0, 3, 0
35 9 87 0.108066971081 0.561643835616 0 34 34 |0, 0, 0, 0|0, 0, 0, 0|4, 0, 0, 0|16, 0, 2, 0|8, 0, 4, 0
35 8 87 0.103500761035 0.566210045662 0 44 43 |0, 0, 0, 0|0, 0, 0, 0|4, 0, 0, 0|25, 0, 5, 0|7, 1, 2, 0
35 7 87 0.106544901065 0.552511415525 0 39 38 |0, 0, 0, 0|0, 0, 0, 0|4, 0, 0, 0|14, 0, 2, 0|16, 1, 2, 0
35 6 87 0.106544901065 0.558599695586 0 46 45 |0, 0, 0, 0|0, 0, 0, 0|5, 0, 0, 0|19, 1, 4, 0|16, 0, 1, 0
35 5 87 0.109589041096 0.560121765601 0 55 54 |0, 0, 0, 0|0, 0, 0, 0|4, 0, 0, 0|27, 0, 7, 0|13, 1, 3, 0
35 4 87 0.106544901065 0.557077625571 0 193 45 |0, 0, 0, 0|0, 1, 0, 0|4, 41, 0, 2|27, 81, 4, 10|9, 9, 1, 4
35 3 87 0.109589041096 0.55098934551 0 183 39 |0, 0, 0, 0|0, 1, 0, 0|4, 45, 0, 2|13, 79, 4, 12|15, 5, 3, 0
35 2 87 0.0974124809741 0.558599695586 0 94 55 |0, 0, 0, 0|0, 0, 0, 0|5, 2, 0, 0|27, 18, 3, 3|18, 11, 2, 5
35 1 87 0.108066971081 0.561643835616 0 44 43 |0, 0, 0, 0|0, 0, 0, 0|5, 0, 0, 0|25, 1, 2, 0|8, 0, 3, 0
36 10 87 0.108066971081 0.560121765601 0 53 52 |0, 0, 0, 0|0, 0, 0, 0|5, 0, 0, 0|23, 0, 5, 0|15, 1, 4, 0
36 9 87 0.109589041096 0.55403348554 0 47 47 |0, 0, 0, 0|0, 0, 0, 0|5, 0, 0, 0|21, 0, 1, 0|15, 0, 5, 0
36 8 87 0.109589041096 0.558599695586 0 49 48 |0, 0, 0, 0|0, 0, 0, 0|4, 0, 0, 0|29, 0, 2, 0|8, 1, 5, 0
36 7 87 0.108066971081 0.561643835616 0 44 40 |0, 0, 0, 0|0, 0, 0, 0|5, 0, 0, 0|13, 0, 3, 0|17, 2, 2, 2
36 6 87 0.109589041096 0.564687975647 0 42 37 |0, 0, 0, 0|0, 0, 0, 0|4, 0, 0, 0|14, 1, 3, 2|14, 0, 2, 2
36 5 87 0.106544901065 0.563165905632 0 50 49 |0, 0, 0, 0|0, 0, 0, 0|4, 0, 0, 0|20, 0, 3, 0|18, 1, 4, 0
36 4 87 0.108066971081 0.563165905632 0 41 41 |0, 0, 0, 0|0, 0, 0, 0|3, 0, 0, 0|21, 0, 2, 0|14, 0, 1, 0
36 3 87 0.106544901065 0.566210045662 0 39 38 |0, 0, 0, 0|0, 0, 0, 0|5, 0, 0, 0|14, 0, 1, 0|17, 0, 1, 1
36 2 87 0.106544901065 0.561643835616 0 44 42 |0, 0, 0, 0|0, 0, 0, 0|2, 0, 0, 0|24, 0, 1, 0|13, 2, 2, 0
36 1 87 0.108066971081 0.560121765601 0 44 43 |0, 0, 0, 0|0, 0, 0, 0|2, 0, 0, 0|18, 0, 4, 0|18, 1, 1, 0
37 10 87 0.109589041096 0.563165905632 0 42 40 |0, 0, 0, 0|0, 0, 0, 0|5, 0, 0, 0|13, 2, 4, 0|14, 0, 4, 0
37 9 87 0.106544901065 0.560121765601 0 44 43 |0, 0, 0, 0|0, 0, 0, 0|3, 0, 0, 0|17, 1, 2, 0|19, 0, 2, 0
37 8 87 0.106544901065 0.557077625571 0 43 42 |0, 0, 0, 0|0, 0, 0, 0|4, 0, 0, 0|21, 0, 3, 0|12, 0, 2, 1
37 7 87 0.109589041096 0.561643835616 0 41 41 |0, 0, 0, 0|0, 0, 0, 0|3, 0, 0, 0|21, 0, 6, 0|8, 0, 3, 0
37 6 87 0.108066971081 0.564687975647 0 51 51 |0, 0, 0, 0|0, 0, 0, 0|5, 0, 0, 0|23, 0, 3, 0|16, 0, 4, 0
37 5 87 0.106544901065 0.564687975647 0 42 30 |0, 0, 0, 0|0, 0, 0, 0|4, 0, 0, 0|10, 7, 3, 1|10, 4, 3, 0
37 4 87 0.108066971081 0.561643835616 0 60 38 |0, 0, 0, 0|0, 0, 0, 0|3, 0, 0, 0|14, 10, 4, 7|15, 5, 2, 0
37 3 87 0.111111111111 0.564687975647 0 48 47 |0, 0, 0, 0|0, 0, 0, 0|5, 0, 0, 0|17, 0, 4, 0|20, 1, 1, 0
37 2 87 0.108066971081 0.564687975647 0 191 50 |0, 0, 0, 0|0, 1, 0, 0|5, 37, 0, 4|23, 76, 2, 11|19, 11, 1, 1
37 1 87 0.109589041096 0.558599695586 0 61 57 |0, 0, 0, 0|0, 0, 0, 0|3, 0, 0, 0|24, 1, 4, 0|21, 1, 5, 2
38 10 87 0.109589041096 0.566210045662 0 47 47 |0, 0, 0, 0|0, 0, 0, 0|4, 0, 0, 0|21, 0, 5, 0|15, 0, 2, 0
38 9 87 0.108066971081 0.563165905632 0 50 50 |0, 0, 0, 0|0, 0, 0, 0|3, 0, 0, 0|27, 0, 4, 0|15, 0, 1, 0
38 8 87 0.112633181126 0.555555555556 0 54 54 |0, 0, 0, 0|0, 0, 0, 0|3, 0, 0, 0|21, 0, 6, 0|22, 0, 2, 0
38 7 87 0.109589041096 0.560121765601 0 52 50 |0, 0, 0, 0|0, 0, 0, 0|3, 0, 0, 0|23, 0, 6, 0|15, 1, 3, 1
38 6 87 0.112633181126 0.561643835616 0 42 42 |0, 0, 0, 0|0, 0, 0, 0|5, 0, 0, 0|15, 0, 4, 0|15, 0, 3, 0
38 5 87 0.109589041096 0.567732115677 0 40 40 |0, 0, 0, 0|0, 0, 0, 0|2, 0, 0, 0|14, 0, 5, 0|15, 0, 4, 0
38 4 87 0.111111111111 0.566210045662 0 47 47 |0, 0, 0, 0|0, 0, 0, 0|4, 0, 0, 0|22, 0, 5, 0|13, 0, 3, 0
38 3 87 0.111111111111 0.563165905632 0 52 50 |0, 0, 0, 0|0, 0, 0, 0|5, 0, 0, 0|20, 0, 10, 0|11, 2, 4, 0
38 2 87 0.111111111111 0.558599695586 0 47 47 |0, 0, 0, 0|0, 0, 0, 0|4, 0, 0, 0|21, 0, 4, 0|13, 0, 5, 0
38 1 87 0.109589041096 0.566210045662 0 47 47 |0, 0, 0, 0|0, 0, 0, 0|5, 0, 0, 0|22, 0, 6, 0|11, 0, 3, 0
39 10 87 0.111111111111 0.564687975647 0 51 49 |0, 0, 0, 0|0, 0, 0, 0|4, 0, 0, 0|20, 0, 2, 0|22, 2, 1, 0
39 9 87 0.112633181126 0.567732115677 0 41 39 |0, 0, 0, 0|0, 0, 0, 0|3, 0, 0, 0|13, 1, 5, 0|14, 1, 4, 0
39 8 87 0.112633181126 0.567732115677 0 45 45 |0, 0, 0, 0|0, 0, 0, 0|5, 0, 0, 0|21, 0, 3, 0|16, 0, 0, 0
39 7 87 0.112633181126 0.567732115677 0 45 44 |0, 0, 0, 0|0, 0, 0, 0|3, 0, 0, 0|19, 1, 1, 0|19, 0, 2, 0
39 6 87 0.109589041096 0.566210045662 0 42 40 |0, 0, 0, 0|0, 0, 0, 0|4, 0, 0, 0|15, 0, 7, 1|12, 1, 2, 0
39 5 87 0.109589041096 0.566210045662 0 54 53 |0, 0, 0, 0|0, 0, 0, 0|5, 0, 0, 0|30, 1, 4, 0|13, 0, 1, 0
39 4 87 0.111111111111 0.567732115677 0 39 39 |0, 0, 0, 0|0, 0, 0, 0|4, 0, 0, 0|15, 0, 1, 0|16, 0, 3, 0
39 3 87 0.111111111111 0.567732115677 0 40 40 |0, 0, 0, 0|0, 0, 0, 0|4, 0, 0, 0|17, 0, 4, 0|13, 0, 2, 0
39 2 87 0.111111111111 0.567732115677 0 59 59 |0, 0, 0, 0|0, 0, 0, 0|4, 0, 0, 0|25, 0, 4, 0|22, 0, 4, 0
39 1 87 0.111111111111 0.564687975647 0 52 51 |0, 0, 0, 0|0, 0, 0, 0|4, 0, 0, 0|25, 0, 3, 0|18, 1, 1, 0
40 10 87 0.112633181126 0.567732115677 0 58 58 |0, 0, 0, 0|0, 0, 0, 0|5, 0, 0, 0|28, 0, 5, 0|17, 0, 3, 0
40 9 87 0.112633181126 0.567732115677 0 52 51 |0, 0, 0, 0|0, 0, 0, 0|4, 0, 0, 0|24, 0, 4, 0|14, 1, 5, 0
40 8 87 0.112633181126 0.567732115677 0 38 38 |0, 0, 0, 0|0, 0, 0, 0|3, 0, 0, 0|18, 0, 0, 0|15, 0, 2, 0
40 7 87 0.112633181126 0.567732115677 0 56 53 |0, 0, 0, 0|0, 0, 0, 0|3, 0, 0, 0|25, 0, 6, 0|16, 3, 3, 0
40 6 87 0.112633181126 0.566210045662 0 55 53 |0, 0, 0, 0|0, 0, 0, 0|5, 0, 0, 0|22, 0, 5, 0|18, 2, 3, 0
40 5 87 0.112633181126 0.567732115677 0 48 48 |0, 0, 0, 0|0, 0, 0, 0|3, 0, 0, 0|26, 0, 1, 0|15, 0, 3, 0
40 4 87 0.112633181126 0.567732115677 0 53 52 |0, 0, 0, 0|0, 0, 0, 0|3, 0, 0, 0|30, 0, 2, 0|16, 1, 1, 0
40 3 87 0.112633181126 0.567732115677 0 41 41 |0, 0, 0, 0|0, 0, 0, 0|4, 0, 0, 0|24, 0, 3, 0|8, 0, 2, 0
40 2 87 0.112633181126 0.567732115677 0 34 32 |0, 0, 0, 0|0, 0, 0, 0|3, 0, 0, 0|15, 1, 1, 0|12, 1, 1, 0
40 1 87 0.112633181126 0.567732115677 0 38 37 |0, 0, 0, 0|0, 0, 0, 0|4, 0, 0, 0|16, 1, 3, 0|13, 0, 1, 0
41 10 87 0.112633181126 0.567732115677 0 43 41 |0, 0, 0, 0|0, 0, 0, 0|3, 0, 0, 0|17, 1, 4, 0|13, 1, 4, 0
41 9 87 0.112633181126 0.567732115677 0 37 37 |0, 0, 0, 0|0, 0, 0, 0|3, 0, 0, 0|19, 0, 2, 0|11, 0, 2, 0
41 8 87 0.112633181126 0.567732115677 0 55 53 |0, 0, 0, 0|0, 0, 0, 0|5, 0, 0, 0|24, 1, 1, 0|18, 1, 5, 0
41 7 87 0.112633181126 0.567732115677 0 51 49 |0, 0, 0, 0|0, 0, 0, 0|3, 0, 0, 0|23, 0, 2, 0|18, 2, 3, 0
41 6 87 0.112633181126 0.567732115677 0 46 46 |0, 0, 0, 0|0, 0, 0, 0|4, 0, 0, 0|17, 0, 2, 0|18, 0, 5, 0
41 5 87 0.112633181126 0.567732115677 0 48 48 |0, 0, 0, 0|0, 0, 0, 0|4, 0, 0, 0|22, 0, 6, 0|15, 0, 1, 0
41 4 87 0.112633181126 0.567732115677 0 51 48 |0, 0, 0, 0|0, 0, 0, 0|4, 0, 0, 0|16, 1, 5, 0|21, 2, 2, 0
41 3 87 0.112633181126 0.567732115677 0 48 47 |0, 0, 0, 0|0, 0, 0, 0|1, 0, 0, 0|25, 0, 2, 0|17, 1, 2, 0
41 2 87 0.112633181126 0.567732115677 0 46 46 |0, 0, 0, 0|0, 0, 0, 0|5, 0, 0, 0|22, 0, 4, 0|14, 0, 1, 0
41 1 87 0.112633181126 0.567732115677 0 56 55 |0, 0, 0, 0|0, 0, 0, 0|5, 0, 0, 0|20, 0, 5, 0|22, 1, 3, 0
