Cutoff >1
N1 20000
MaxLen1 12
nHaps NHaps nSp single_nucleotide_pDNCs pDNC_recovered
2 10 189 0.00607902735562 0.452887537994 1 11644 3256 |0, 1, 0, 0|27, 109, 0, 1|1490, 3115, 23, 39|1173, 3216, 52, 142|442, 1579, 49, 186
2 9 189 0.00911854103343 0.448328267477 1 10493 3044 |0, 1, 0, 0|27, 140, 0, 1|1363, 2749, 16, 65|1097, 2653, 65, 185|441, 1427, 35, 228
2 8 189 0.00607902735562 0.449848024316 1 10090 2608 |0, 1, 0, 0|27, 135, 0, 1|1277, 2842, 17, 50|885, 2776, 36, 150|335, 1365, 31, 162
2 7 189 0.00759878419453 0.460486322188 1 10256 2821 |0, 1, 0, 0|27, 108, 0, 1|1358, 2494, 20, 43|989, 2908, 39, 223|354, 1411, 34, 246
2 6 189 0.00607902735562 0.457446808511 1 10485 3062 |0, 1, 0, 0|27, 106, 0, 1|1443, 2600, 22, 49|1081, 2829, 64, 189|385, 1447, 40, 201
2 5 189 0.00759878419453 0.469604863222 1 10517 2828 |0, 1, 0, 0|27, 139, 0, 1|1364, 2890, 23, 59|981, 2777, 50, 170|357, 1437, 26, 215
2 4 189 0.00911854103343 0.457446808511 0 10222 2979 |0, 0, 0, 0|81, 128, 1, 2|1311, 2515, 13, 66|1059, 2738, 51, 197|423, 1416, 40, 181
2 3 189 0.0121580547112 0.462006079027 1 10566 3320 |0, 1, 0, 0|27, 101, 0, 1|1490, 2518, 23, 30|1254, 2751, 42, 183|437, 1497, 47, 164
2 2 189 0.00607902735562 0.446808510638 1 10309 2772 |0, 1, 0, 0|27, 107, 0, 1|1330, 2635, 14, 41|947, 2950, 53, 185|375, 1424, 26, 193
2 1 189 0.00759878419453 0.454407294833 1 10147 2806 |0, 1, 0, 0|27, 137, 0, 1|1323, 2699, 24, 60|1004, 2694, 41, 210|353, 1337, 34, 202
3 10 189 0.00607902735562 0.465045592705 1 10137 2785 |0, 1, 0, 0|27, 128, 0, 1|1326, 2640, 23, 69|951, 2613, 35, 234|383, 1445, 40, 221
3 9 189 0.0121580547112 0.463525835866 1 11668 4751 |0, 1, 0, 0|27, 94, 0, 1|1915, 2459, 28, 29|1807, 2675, 87, 119|805, 1398, 82, 141
3 8 189 0.00607902735562 0.452887537994 0 10688 3570 |0, 0, 0, 0|82, 143, 1, 4|1487, 2572, 19, 35|1290, 2722, 49, 117|594, 1346, 48, 179
3 7 189 0.00759878419453 0.463525835866 1 10790 3786 |0, 1, 0, 0|27, 112, 0, 1|1651, 2686, 16, 32|1420, 2629, 64, 130|556, 1276, 52, 137
3 6 189 0.00911854103343 0.469604863222 0 11274 3818 |0, 0, 0, 0|81, 141, 1, 4|1600, 2777, 25, 49|1384, 2750, 60, 182|622, 1378, 45, 175
3 5 189 0.00911854103343 0.463525835866 1 9942 2929 |0, 1, 0, 0|27, 135, 0, 1|1336, 2580, 17, 66|1069, 2512, 56, 158|387, 1364, 37, 196
3 4 189 0.00911854103343 0.446808510638 0 10684 3406 |0, 0, 0, 0|80, 133, 1, 3|1484, 2591, 25, 35|1233, 2838, 61, 121|480, 1423, 42, 134
3 3 189 0.0106382978723 0.460486322188 1 9903 3172 |0, 1, 0, 0|27, 95, 0, 1|1443, 2263, 22, 28|1193, 2595, 51, 198|399, 1350, 37, 200
3 2 189 0.0106382978723 0.457446808511 1 9738 3060 |0, 1, 0, 0|27, 81, 0, 1|1387, 2244, 19, 40|1135, 2567, 52, 180|398, 1359, 42, 205
3 1 189 0.0106382978723 0.471124620061 0 10237 3442 |0, 0, 0, 0|82, 143, 1, 3|1519, 2208, 22, 28|1251, 2663, 64, 154|458, 1410, 45, 186
4 10 189 0.00759878419453 0.455927051672 1 10003 3294 |0, 1, 0, 0|27, 98, 0, 1|1474, 2341, 24, 57|1198, 2516, 54, 163|477, 1358, 40, 174
4 9 189 0.0151975683891 0.465045592705 1 10324 4142 |0, 1, 0, 0|27, 66, 0, 1|1721, 1976, 28, 60|1605, 2385, 68, 121|627, 1407, 66, 165
4 8 189 0.0106382978723 0.455927051672 1 10576 3722 |0, 1, 0, 0|27, 77, 0, 1|1597, 2316, 25, 54|1419, 2583, 62, 178|534, 1440, 58, 204
4 7 189 0.00759878419453 0.465045592705 1 9975 3126 |0, 1, 0, 0|27, 120, 0, 1|1435, 2372, 26, 26|1156, 2633, 57, 139|382, 1409, 43, 148
4 6 189 0.0121580547112 0.460486322188 1 10413 3557 |0, 1, 0, 0|27, 94, 0, 1|1614, 2434, 30, 42|1306, 2621, 60, 124|465, 1381, 55, 158
4 5 189 0.0136778115502 0.468085106383 1 10483 3497 |0, 1, 0, 0|27, 95, 0, 1|1562, 2344, 17, 31|1295, 2725, 61, 144|493, 1470, 42, 175
4 4 189 0.0106382978723 0.477203647416 0 10681 4067 |0, 0, 0, 0|82, 138, 1, 4|1727, 2079, 26, 22|1501, 2691, 82, 105|592, 1434, 56, 141
4 3 189 0.0106382978723 0.468085106383 1 11292 4620 |0, 1, 0, 0|27, 87, 0, 1|1862, 2186, 30, 27|1812, 2702, 88, 131|728, 1378, 73, 159
4 2 189 0.0106382978723 0.446808510638 0 9350 3289 |0, 0, 0, 0|81, 155, 1, 4|1441, 2070, 20, 19|1219, 2238, 44, 118|444, 1299, 39, 158
4 1 189 0.0136778115502 0.449848024316 1 10210 3824 |0, 1, 0, 0|27, 95, 0, 1|1569, 2175, 26, 21|1491, 2449, 55, 97|601, 1403, 55, 144
5 10 189 0.0136778115502 0.483282674772 1 9595 3535 |0, 1, 0, 0|27, 27, 0, 0|1552, 1984, 29, 25|1298, 2342, 67, 136|530, 1388, 32, 157
5 9 189 0.0151975683891 0.484802431611 1 10401 4322 |0, 1, 0, 0|27, 69, 0, 1|1772, 2071, 28, 14|1660, 2489, 79, 124|673, 1174, 83, 136
5 8 189 0.0136778115502 0.474164133739 1 9319 3720 |0, 1, 0, 0|27, 90, 0, 1|1598, 1792, 21, 23|1419, 2228, 66, 106|542, 1209, 47, 149
5 7 189 0.016717325228 0.492401215805 1 9674 4465 |0, 1, 0, 0|27, 86, 0, 1|1856, 1741, 28, 18|1628, 2058, 87, 99|764, 1066, 75, 139
5 6 189 0.016717325228 0.489361702128 1 9969 4264 |0, 1, 0, 0|27, 110, 0, 1|1746, 2055, 25, 30|1636, 2135, 81, 117|684, 1129, 65, 127
5 5 189 0.0136778115502 0.478723404255 1 9744 4104 |0, 1, 0, 0|27, 95, 0, 1|1724, 2065, 26, 28|1551, 2118, 56, 139|653, 1062, 67, 131
5 4 189 0.00911854103343 0.498480243161 1 10251 3795 |0, 1, 0, 0|27, 24, 0, 0|1626, 2128, 32, 21|1439, 2619, 59, 129|546, 1370, 66, 164
5 3 189 0.0136778115502 0.45896656535 1 10447 4518 |0, 1, 0, 0|27, 44, 0, 0|1791, 1996, 21, 29|1747, 2394, 81, 126|786, 1201, 65, 138
5 2 189 0.0106382978723 0.4726443769 0 9879 3529 |0, 0, 0, 0|82, 98, 1, 1|1572, 2076, 34, 33|1270, 2448, 39, 161|486, 1357, 45, 176
5 1 189 0.0136778115502 0.481762917933 0 9957 3940 |0, 0, 0, 0|82, 139, 1, 4|1679, 1852, 13, 36|1490, 2345, 57, 133|570, 1352, 48, 156
6 10 189 0.0136778115502 0.501519756839 1 9189 3412 |0, 1, 0, 0|27, 89, 0, 1|1484, 2005, 28, 29|1270, 2182, 67, 164|490, 1155, 46, 151
6 9 189 0.0136778115502 0.510638297872 1 10467 4835 |0, 1, 0, 0|27, 71, 0, 1|1904, 2066, 33, 33|1875, 2084, 87, 107|836, 1137, 73, 132
6 8 189 0.0182370820669 0.477203647416 0 10157 4387 |0, 0, 0, 0|82, 25, 1, 0|1834, 1696, 56, 27|1645, 2342, 73, 130|631, 1386, 65, 164
6 7 189 0.0121580547112 0.493920972644 0 9034 3448 |0, 0, 0, 0|82, 51, 1, 0|1511, 1837, 38, 53|1245, 2159, 61, 153|462, 1181, 48, 152
6 6 189 0.0136778115502 0.471124620061 0 10543 4487 |0, 0, 0, 0|82, 83, 1, 1|1855, 2247, 55, 37|1652, 2276, 96, 132|688, 1161, 58, 119
6 5 189 0.0136778115502 0.498480243161 1 10218 4212 |0, 1, 0, 0|27, 115, 0, 1|1711, 2204, 25, 41|1622, 2232, 73, 111|696, 1169, 58, 132
6 4 189 0.0136778115502 0.475683890578 0 9644 4215 |0, 0, 0, 0|82, 100, 1, 2|1668, 1928, 18, 27|1588, 2041, 81, 129|709, 1042, 68, 160
6 3 189 0.0121580547112 0.481762917933 0 10720 4748 |0, 0, 0, 0|82, 140, 1, 4|1813, 2189, 34, 29|1808, 2202, 88, 97|829, 1183, 93, 128
6 2 189 0.0182370820669 0.468085106383 0 9787 4367 |0, 0, 0, 0|81, 61, 1, 2|1813, 1623, 16, 17|1646, 2170, 77, 94|665, 1341, 68, 112
6 1 189 0.0151975683891 0.5 1 9928 4665 |0, 1, 0, 0|27, 66, 0, 1|1884, 1761, 33, 22|1779, 2111, 87, 72|795, 1118, 60, 111
7 10 189 0.0197568389058 0.471124620061 1 10057 5670 |0, 1, 0, 0|27, 53, 0, 1|2154, 1327, 25, 13|2286, 1788, 93, 83|998, 1018, 87, 103
7 9 189 0.0197568389058 0.478723404255 0 10594 5612 |0, 0, 0, 0|82, 106, 1, 4|2155, 1771, 27, 23|2139, 1926, 93, 93|994, 959, 121, 100
7 8 189 0.0151975683891 0.493920972644 0 8777 3530 |0, 0, 0, 0|81, 72, 1, 2|1476, 1594, 17, 32|1356, 2124, 71, 130|478, 1151, 50, 142
7 7 189 0.0151975683891 0.474164133739 0 9946 4228 |0, 0, 0, 0|82, 70, 1, 2|1713, 1764, 22, 25|1616, 2339, 78, 88|643, 1318, 73, 112
7 6 189 0.016717325228 0.495440729483 1 9769 5048 |0, 1, 0, 0|27, 14, 0, 0|1980, 1468, 25, 17|1978, 1913, 78, 103|880, 1059, 80, 146
7 5 189 0.016717325228 0.484802431611 0 10064 4803 |0, 0, 0, 0|81, 77, 1, 2|1874, 1580, 32, 21|1835, 2127, 83, 133|810, 1178, 87, 143
7 4 189 0.0197568389058 0.501519756839 0 9418 4805 |0, 0, 0, 0|82, 29, 1, 0|1947, 1512, 37, 21|1810, 1779, 86, 133|768, 973, 74, 166
7 3 189 0.0182370820669 0.478723404255 0 9031 4146 |0, 0, 0, 0|82, 127, 1, 3|1746, 1468, 18, 15|1557, 1876, 73, 83|618, 1220, 51, 93
7 2 189 0.0136778115502 0.48632218845 1 9526 3689 |0, 1, 0, 0|27, 26, 0, 0|1571, 1895, 12, 29|1379, 2375, 61, 102|603, 1264, 36, 145
7 1 189 0.016717325228 0.483282674772 0 10190 5581 |0, 0, 0, 0|82, 64, 1, 3|2133, 1386, 39, 12|2107, 1884, 101, 97|1047, 1032, 71, 131
8 10 189 0.0197568389058 0.493920972644 1 10132 5663 |0, 1, 0, 0|27, 15, 0, 0|2139, 1288, 26, 17|2244, 1903, 102, 98|1003, 1035, 122, 112
8 9 189 0.0212765957447 0.484802431611 0 9990 5693 |0, 0, 0, 0|79, 71, 1, 3|2142, 1527, 33, 10|2218, 1668, 100, 80|1021, 842, 99, 96
8 8 189 0.0182370820669 0.501519756839 0 9704 5062 |0, 0, 0, 0|82, 100, 1, 3|2013, 1633, 25, 12|1934, 1755, 84, 91|837, 930, 86, 118
8 7 189 0.0182370820669 0.495440729483 0 8945 4633 |0, 0, 0, 0|82, 68, 1, 2|1848, 1336, 30, 7|1744, 1714, 87, 92|766, 958, 75, 135
8 6 189 0.0212765957447 0.475683890578 1 9632 5445 |0, 1, 0, 0|27, 73, 0, 1|2084, 1386, 30, 18|2155, 1596, 90, 71|970, 947, 89, 94
8 5 189 0.0212765957447 0.483282674772 0 9887 5713 |0, 0, 0, 0|82, 60, 1, 2|2199, 1215, 24, 12|2206, 1698, 90, 58|1012, 1040, 99, 89
8 4 189 0.0182370820669 0.4726443769 0 9974 4828 |0, 0, 0, 0|80, 94, 1, 2|1856, 1826, 27, 21|1880, 1914, 87, 89|819, 1067, 78, 133
8 3 189 0.016717325228 0.474164133739 0 9762 4479 |0, 0, 0, 0|80, 163, 1, 4|1790, 1936, 20, 27|1684, 1965, 71, 97|756, 981, 77, 110
8 2 189 0.0182370820669 0.510638297872 0 9684 5066 |0, 0, 0, 0|82, 27, 1, 0|2062, 1555, 52, 28|1908, 1860, 91, 86|781, 934, 89, 128
8 1 189 0.016717325228 0.483282674772 0 9363 4568 |0, 0, 0, 0|80, 101, 1, 3|1886, 1728, 34, 26|1704, 1808, 89, 83|696, 950, 78, 96
9 10 189 0.0182370820669 0.496960486322 0 9973 5099 |0, 0, 0, 0|80, 72, 1, 2|1932, 1729, 31, 23|1974, 1900, 84, 83|903, 980, 94, 85
9 9 189 0.0212765957447 0.492401215805 0 9052 4554 |0, 0, 0, 0|82, 98, 1, 3|1816, 1473, 26, 14|1757, 1680, 91, 92|715, 1040, 66, 98
9 8 189 0.0197568389058 0.498480243161 0 9436 5643 |0, 0, 0, 0|82, 101, 1, 4|2103, 1209, 31, 19|2130, 1451, 102, 58|1088, 866, 106, 85
9 7 189 0.0212765957447 0.5 1 10823 5729 |0, 1, 0, 0|27, 64, 0, 1|2088, 2005, 30, 22|2269, 1866, 103, 87|1113, 925, 99, 123
9 6 189 0.0197568389058 0.490881458967 0 9734 5189 |0, 0, 0, 0|82, 83, 1, 1|2108, 1494, 61, 29|1894, 1720, 83, 108|872, 953, 88, 157
9 5 189 0.0212765957447 0.515197568389 1 8932 4746 |0, 1, 0, 0|27, 69, 0, 1|1902, 1468, 33, 30|1879, 1520, 79, 97|749, 866, 77, 134
9 4 189 0.0182370820669 0.492401215805 0 9774 5527 |0, 0, 0, 0|82, 127, 1, 4|2081, 1398, 38, 18|2145, 1692, 99, 65|981, 865, 100, 78
9 3 189 0.0243161094225 0.5 1 8939 5048 |0, 1, 0, 0|27, 17, 0, 0|2078, 1173, 34, 20|1883, 1617, 93, 126|852, 820, 81, 117
9 2 189 0.0212765957447 0.501519756839 0 9947 5386 |0, 0, 0, 0|80, 71, 1, 3|2030, 1590, 25, 11|2081, 1768, 82, 88|994, 923, 93, 107
9 1 189 0.0182370820669 0.51367781155 1 8631 3901 |0, 1, 0, 0|27, 7, 0, 0|1689, 1416, 26, 19|1449, 1955, 57, 95|595, 1108, 58, 129
10 10 189 0.0197568389058 0.498480243161 0 8912 4292 |0, 0, 0, 0|82, 122, 1, 4|1749, 1387, 23, 19|1624, 1871, 72, 80|683, 1028, 58, 109
10 9 189 0.0197568389058 0.490881458967 0 9133 4770 |0, 0, 0, 0|81, 96, 1, 3|1885, 1373, 40, 18|1816, 1716, 98, 92|770, 948, 79, 117
10 8 189 0.0227963525836 0.516717325228 1 9217 5991 |0, 1, 0, 0|27, 11, 0, 0|2221, 995, 29, 8|2341, 1265, 96, 57|1161, 817, 116, 72
10 7 189 0.0197568389058 0.501519756839 0 9815 5630 |0, 0, 0, 0|82, 22, 1, 0|2207, 1251, 43, 5|2132, 1757, 90, 92|981, 957, 94, 101
10 6 189 0.0197568389058 0.518237082067 0 9724 5685 |0, 0, 0, 0|82, 99, 1, 3|2131, 1398, 22, 16|2201, 1583, 135, 62|1015, 785, 98, 93
10 5 189 0.0182370820669 0.518237082067 0 8708 4340 |0, 0, 0, 0|82, 57, 1, 1|1847, 1429, 49, 46|1581, 1660, 89, 98|635, 966, 56, 111
10 4 189 0.0212765957447 0.506079027356 0 9847 5738 |0, 0, 0, 0|81, 62, 1, 3|2083, 1316, 36, 13|2338, 1674, 74, 76|1021, 858, 104, 107
10 3 189 0.0212765957447 0.48632218845 0 8752 4180 |0, 0, 0, 0|81, 113, 1, 4|1719, 1537, 25, 54|1505, 1738, 86, 101|696, 925, 67, 100
10 2 189 0.0227963525836 0.506079027356 0 9764 5531 |0, 0, 0, 0|82, 62, 1, 1|2139, 1597, 48, 16|2115, 1566, 92, 76|948, 809, 106, 106
10 1 189 0.0212765957447 0.512158054711 1 10625 5768 |0, 1, 0, 0|27, 23, 0, 0|2125, 1724, 29, 17|2243, 1934, 118, 97|1099, 955, 127, 106
11 10 189 0.0227963525836 0.489361702128 0 8808 4485 |0, 0, 0, 0|81, 63, 1, 2|1812, 1290, 25, 16|1727, 1796, 67, 78|715, 978, 57, 100
11 9 189 0.0258358662614 0.51367781155 0 9666 6265 |0, 0, 0, 0|82, 21, 1, 0|2337, 1109, 53, 22|2426, 1379, 99, 53|1147, 736, 120, 81
11 8 189 0.0212765957447 0.510638297872 1 8733 4813 |0, 1, 0, 0|27, 66, 0, 1|1967, 1128, 30, 14|1779, 1564, 93, 84|837, 960, 80, 102
11 7 189 0.0212765957447 0.493920972644 1 7947 3988 |0, 1, 0, 0|27, 16, 0, 0|1624, 1145, 21, 20|1551, 1648, 58, 80|659, 938, 48, 111
11 6 189 0.0227963525836 0.519756838906 1 10360 6232 |0, 1, 0, 0|27, 21, 0, 0|2186, 1527, 28, 19|2487, 1620, 105, 73|1275, 786, 124, 81
11 5 189 0.0212765957447 0.51367781155 0 9472 5767 |0, 0, 0, 0|82, 18, 1, 0|2168, 1206, 59, 6|2243, 1489, 103, 56|1016, 814, 95, 116
11 4 189 0.0197568389058 0.493920972644 0 9442 5101 |0, 0, 0, 0|81, 68, 1, 2|1928, 1378, 25, 19|2013, 1784, 80, 110|885, 866, 88, 114
11 3 189 0.0227963525836 0.510638297872 0 9212 5222 |0, 0, 0, 0|80, 94, 1, 4|1920, 1332, 27, 13|2080, 1559, 102, 95|932, 780, 80, 113
11 2 189 0.0243161094225 0.506079027356 0 9670 6501 |0, 0, 0, 0|82, 48, 1, 2|2372, 986, 31, 10|2534, 1340, 118, 43|1237, 677, 126, 63
11 1 189 0.0258358662614 0.525835866261 0 9837 6646 |0, 0, 0, 0|82, 56, 1, 1|2411, 1157, 58, 18|2597, 1209, 129, 42|1240, 644, 128, 64
12 10 189 0.0273556231003 0.506079027356 0 9126 6474 |0, 0, 0, 0|82, 76, 1, 1|2354, 1035, 61, 22|2523, 976, 131, 48|1204, 421, 118, 73
12 9 189 0.0258358662614 0.509118541033 1 10186 7177 |0, 1, 0, 0|27, 7, 0, 0|2487, 771, 42, 13|2956, 1280, 127, 59|1381, 807, 157, 71
12 8 189 0.0288753799392 0.522796352584 0 9111 6710 |0, 0, 0, 0|82, 103, 1, 3|2373, 767, 36, 10|2622, 921, 143, 32|1326, 506, 127, 59
12 7 189 0.0258358662614 0.506079027356 1 9171 6126 |0, 1, 0, 0|27, 41, 0, 1|2317, 1108, 36, 16|2435, 1165, 101, 40|1101, 615, 109, 58
12 6 189 0.0212765957447 0.528875379939 0 9251 5466 |0, 0, 0, 0|81, 60, 1, 3|1992, 1207, 17, 8|2186, 1575, 108, 63|972, 783, 109, 86
12 5 189 0.0258358662614 0.516717325228 0 8101 5073 |0, 0, 0, 0|82, 52, 1, 3|1972, 737, 28, 10|1969, 1201, 91, 82|846, 844, 84, 99
12 4 189 0.0227963525836 0.516717325228 0 8523 4970 |0, 0, 0, 0|82, 59, 1, 1|2007, 1205, 31, 24|1810, 1296, 90, 79|866, 815, 83, 74
12 3 189 0.0258358662614 0.496960486322 0 9243 6856 |0, 0, 0, 0|81, 49, 1, 2|2343, 645, 36, 7|2778, 965, 131, 39|1347, 617, 139, 63
12 2 189 0.0288753799392 0.5 0 9353 6237 |0, 0, 0, 0|82, 89, 1, 4|2272, 1112, 34, 13|2413, 1177, 134, 59|1195, 587, 106, 75
12 1 189 0.0258358662614 0.524316109422 0 9228 6337 |0, 0, 0, 0|82, 58, 1, 2|2280, 984, 30, 12|2510, 1160, 107, 65|1204, 556, 123, 54
13 10 189 0.0288753799392 0.507598784195 0 9162 6385 |0, 0, 0, 0|82, 83, 1, 4|2250, 959, 38, 9|2514, 1052, 131, 52|1273, 551, 96, 67
13 9 189 0.0212765957447 0.518237082067 0 8920 5440 |0, 0, 0, 0|80, 80, 1, 3|2002, 1223, 35, 18|2078, 1253, 88, 87|1045, 715, 111, 101
13 8 189 0.0288753799392 0.515197568389 0 8965 6676 |0, 0, 0, 0|82, 41, 1, 1|2414, 862, 51, 15|2605, 837, 131, 49|1261, 427, 131, 57
13 7 189 0.0273556231003 0.525835866261 1 8491 6396 |0, 1, 0, 0|27, 42, 0, 1|2337, 615, 33, 6|2524, 788, 89, 42|1263, 558, 123, 42
13 6 189 0.0227963525836 0.501519756839 0 8518 6074 |0, 0, 0, 0|82, 47, 1, 1|2272, 861, 57, 8|2356, 930, 105, 49|1093, 480, 108, 68
13 5 189 0.0273556231003 0.5273556231 0 8145 5200 |0, 0, 0, 0|81, 53, 1, 2|1966, 784, 35, 9|2065, 1181, 101, 61|871, 757, 80, 98
13 4 189 0.0258358662614 0.51367781155 0 8512 5828 |0, 0, 0, 0|81, 51, 1, 3|2128, 673, 22, 6|2316, 1085, 96, 80|1079, 678, 105, 108
13 3 189 0.0227963525836 0.521276595745 0 8971 5695 |0, 0, 0, 0|82, 55, 1, 3|2127, 959, 33, 7|2250, 1363, 101, 53|988, 761, 113, 75
13 2 189 0.0258358662614 0.518237082067 0 9739 6105 |0, 0, 0, 0|82, 60, 1, 3|2186, 1231, 28, 7|2417, 1507, 91, 49|1183, 707, 117, 70
13 1 189 0.0227963525836 0.498480243161 0 8560 5634 |0, 0, 0, 0|82, 41, 1, 1|2260, 959, 65, 14|2063, 1069, 97, 69|980, 675, 86, 98
14 10 189 0.0273556231003 0.537993920973 0 8633 6476 |0, 0, 0, 0|82, 13, 1, 0|2373, 621, 63, 5|2535, 937, 116, 37|1187, 484, 119, 60
14 9 189 0.0243161094225 0.522796352584 0 8852 6023 |0, 0, 0, 0|82, 53, 1, 3|2198, 728, 32, 5|2398, 1163, 113, 62|1112, 724, 87, 91
14 8 189 0.0303951367781 0.530395136778 1 8552 6481 |0, 1, 0, 0|27, 9, 0, 0|2367, 729, 32, 12|2627, 776, 119, 49|1175, 447, 134, 48
14 7 189 0.0273556231003 0.504559270517 0 8474 6269 |0, 0, 0, 0|82, 37, 1, 1|2371, 696, 59, 14|2428, 831, 103, 34|1126, 537, 99, 55
14 6 189 0.0243161094225 0.525835866261 0 8180 5187 |0, 0, 0, 0|82, 55, 1, 1|2016, 935, 45, 17|1996, 1146, 64, 55|880, 708, 103, 76
14 5 189 0.0288753799392 0.528875379939 0 9314 6916 |0, 0, 0, 0|82, 13, 1, 0|2414, 752, 52, 3|2773, 1013, 158, 45|1296, 526, 140, 46
14 4 189 0.0273556231003 0.507598784195 0 8630 6620 |0, 0, 0, 0|82, 47, 1, 3|2369, 515, 37, 1|2610, 830, 143, 40|1263, 510, 115, 64
14 3 189 0.0303951367781 0.510638297872 0 9325 6969 |0, 0, 0, 0|82, 15, 1, 0|2513, 795, 64, 8|2702, 901, 118, 59|1350, 502, 139, 76
14 2 189 0.0288753799392 0.522796352584 0 9406 6729 |0, 0, 0, 0|82, 15, 1, 0|2439, 947, 65, 3|2646, 1089, 131, 51|1265, 525, 100, 47
14 1 189 0.0288753799392 0.493920972644 1 8597 6355 |0, 1, 0, 0|27, 60, 0, 1|2322, 717, 26, 11|2493, 877, 107, 33|1257, 483, 123, 59
15 10 189 0.0288753799392 0.51367781155 0 8848 6344 |0, 0, 0, 0|81, 90, 1, 4|2256, 818, 36, 8|2595, 979, 122, 36|1135, 520, 118, 49
15 9 189 0.0303951367781 0.519756838906 0 8854 6775 |0, 0, 0, 0|82, 14, 1, 0|2490, 771, 59, 6|2657, 856, 102, 34|1254, 360, 130, 38
15 8 189 0.0288753799392 0.534954407295 0 8400 6373 |0, 0, 0, 0|82, 50, 1, 3|2287, 571, 34, 6|2512, 791, 124, 53|1218, 495, 115, 58
15 7 189 0.0258358662614 0.533434650456 0 8340 5818 |0, 0, 0, 0|82, 9, 1, 0|2180, 692, 53, 9|2284, 1057, 91, 60|1025, 610, 102, 85
15 6 189 0.0288753799392 0.536474164134 0 8934 6922 |0, 0, 0, 0|82, 6, 1, 0|2562, 536, 64, 8|2639, 825, 129, 42|1294, 520, 151, 75
15 5 189 0.0273556231003 0.531914893617 0 9295 6884 |0, 0, 0, 0|82, 14, 1, 0|2499, 700, 54, 2|2679, 1017, 128, 39|1322, 572, 119, 67
15 4 189 0.0303951367781 0.525835866261 1 9209 7028 |0, 1, 0, 0|27, 5, 0, 0|2530, 618, 29, 7|2766, 901, 127, 60|1400, 537, 149, 52
15 3 189 0.0288753799392 0.516717325228 0 8624 6247 |0, 0, 0, 0|82, 14, 1, 0|2370, 655, 57, 8|2349, 1002, 128, 63|1137, 551, 123, 84
15 2 189 0.0288753799392 0.536474164134 0 8913 7033 |0, 0, 0, 0|82, 8, 1, 0|2502, 574, 63, 7|2751, 780, 124, 27|1379, 430, 131, 54
15 1 189 0.0303951367781 0.525835866261 0 8501 6549 |0, 0, 0, 0|82, 10, 1, 0|2482, 634, 55, 6|2506, 780, 114, 35|1185, 436, 124, 51
16 10 189 0.0273556231003 0.533434650456 0 8545 6583 |0, 0, 0, 0|82, 43, 1, 1|2394, 612, 55, 6|2465, 731, 131, 46|1332, 462, 123, 61
16 9 189 0.0288753799392 0.531914893617 0 7576 5032 |0, 0, 0, 0|82, 77, 1, 4|1956, 754, 26, 26|1927, 939, 98, 53|860, 617, 82, 74
16 8 189 0.0288753799392 0.533434650456 0 8153 5709 |0, 0, 0, 0|81, 57, 1, 2|2082, 694, 27, 5|2264, 951, 77, 61|1055, 589, 122, 85
16 7 189 0.0303951367781 0.536474164134 0 9555 7357 |0, 0, 0, 0|82, 11, 1, 0|2595, 595, 49, 6|2864, 965, 133, 32|1471, 535, 162, 54
16 6 189 0.0288753799392 0.534954407295 0 8249 6653 |0, 0, 0, 0|81, 46, 1, 3|2410, 427, 36, 2|2588, 670, 101, 32|1293, 366, 143, 50
16 5 189 0.0288753799392 0.506079027356 0 9271 7212 |0, 0, 0, 0|82, 6, 1, 0|2619, 504, 64, 2|2764, 904, 115, 42|1436, 537, 131, 64
16 4 189 0.0334346504559 0.54103343465 0 8490 7496 |0, 0, 0, 0|82, 5, 1, 0|2615, 261, 67, 0|2970, 410, 138, 20|1470, 259, 153, 39
16 3 189 0.0273556231003 0.51367781155 0 9172 6666 |0, 0, 0, 0|81, 86, 1, 3|2251, 800, 37, 11|2684, 968, 140, 50|1340, 538, 132, 50
16 2 189 0.0303951367781 0.539513677812 0 8722 7254 |0, 0, 0, 0|82, 51, 1, 3|2424, 475, 43, 0|2935, 593, 134, 20|1497, 291, 138, 35
16 1 189 0.0288753799392 0.512158054711 0 8922 6479 |0, 0, 0, 0|81, 57, 1, 3|2323, 772, 34, 10|2500, 966, 123, 82|1285, 493, 132, 60
17 10 189 0.031914893617 0.54103343465 0 8545 6786 |0, 0, 0, 0|82, 50, 1, 3|2322, 507, 40, 2|2753, 721, 125, 52|1322, 378, 141, 46
17 9 189 0.0288753799392 0.539513677812 0 8691 6900 |0, 0, 0, 0|82, 49, 1, 3|2329, 507, 34, 6|2781, 766, 116, 26|1436, 381, 121, 53
17 8 189 0.031914893617 0.5273556231 0 8759 7167 |0, 0, 0, 0|82, 9, 1, 0|2583, 557, 59, 10|2780, 605, 145, 30|1378, 330, 139, 51
17 7 189 0.0303951367781 0.5273556231 0 8759 6841 |0, 0, 0, 0|82, 9, 1, 0|2452, 535, 52, 4|2690, 826, 140, 39|1289, 454, 135, 51
17 6 189 0.0303951367781 0.54103343465 1 8757 6785 |0, 1, 0, 0|27, 11, 0, 0|2322, 621, 27, 6|2728, 812, 130, 45|1402, 429, 149, 47
17 5 189 0.0334346504559 0.539513677812 0 8391 6940 |0, 0, 0, 0|81, 47, 1, 2|2371, 521, 34, 5|2729, 553, 119, 26|1471, 268, 134, 29
17 4 189 0.0288753799392 0.533434650456 0 9437 6701 |0, 0, 0, 0|81, 15, 1, 0|2423, 996, 64, 11|2570, 1104, 126, 57|1308, 491, 128, 62
17 3 189 0.031914893617 0.54103343465 1 8484 7102 |0, 1, 0, 0|27, 33, 0, 1|2457, 511, 31, 6|2882, 476, 119, 35|1451, 288, 135, 31
17 2 189 0.031914893617 0.528875379939 0 8477 7064 |0, 0, 0, 0|82, 6, 1, 0|2526, 429, 51, 3|2762, 581, 135, 28|1367, 342, 140, 24
17 1 189 0.0334346504559 0.536474164134 0 8508 7344 |0, 0, 0, 0|82, 5, 1, 0|2540, 420, 68, 6|2865, 473, 149, 16|1463, 224, 176, 20
18 10 189 0.031914893617 0.518237082067 0 8715 7084 |0, 0, 0, 0|82, 12, 1, 0|2554, 459, 55, 2|2785, 676, 133, 40|1354, 397, 120, 45
18 9 189 0.031914893617 0.5273556231 0 9027 7176 |0, 0, 0, 0|82, 10, 1, 0|2577, 659, 53, 10|2785, 753, 135, 38|1389, 326, 154, 55
18 8 189 0.031914893617 0.547112462006 0 8934 7610 |0, 0, 0, 0|82, 5, 1, 0|2695, 391, 57, 6|2965, 536, 143, 33|1512, 309, 155, 44
18 7 189 0.0334346504559 0.542553191489 0 8607 7322 |0, 0, 0, 0|82, 6, 1, 0|2603, 349, 53, 3|2870, 581, 140, 28|1401, 292, 172, 26
18 6 189 0.0334346504559 0.539513677812 0 8457 7173 |0, 0, 0, 0|82, 4, 1, 0|2538, 352, 63, 6|2761, 528, 132, 17|1468, 323, 128, 54
18 5 189 0.0349544072948 0.539513677812 0 8542 7326 |0, 0, 0, 0|82, 7, 1, 0|2562, 391, 55, 1|2836, 546, 155, 29|1495, 210, 140, 32
18 4 189 0.0303951367781 0.548632218845 0 7951 6279 |0, 0, 0, 0|82, 45, 1, 2|2286, 389, 33, 6|2500, 685, 105, 52|1149, 408, 123, 85
18 3 189 0.0334346504559 0.534954407295 0 7679 7151 |0, 0, 0, 0|82, 0, 1, 0|2560, 76, 62, 2|2783, 212, 140, 25|1386, 189, 137, 24
18 2 189 0.031914893617 0.522796352584 0 8568 7692 |0, 0, 0, 0|82, 5, 1, 0|2669, 205, 74, 2|3003, 348, 140, 24|1559, 261, 164, 31
18 1 189 0.0334346504559 0.545592705167 0 8710 7801 |0, 0, 0, 0|82, 2, 1, 0|2744, 205, 74, 0|3037, 383, 129, 23|1566, 273, 168, 23
19 10 189 0.031914893617 0.547112462006 0 7847 6707 |0, 0, 0, 0|81, 44, 1, 2|2421, 297, 32, 2|2607, 447, 110, 23|1292, 293, 163, 32
19 9 189 0.0349544072948 0.545592705167 0 8170 7600 |0, 0, 0, 0|82, 4, 1, 0|2655, 141, 54, 1|2943, 250, 148, 15|1547, 141, 170, 18
19 8 189 0.0364741641337 0.542553191489 0 8114 7879 |0, 0, 0, 0|82, 0, 1, 0|2741, 33, 65, 0|3126, 100, 140, 16|1557, 65, 167, 21
19 7 189 0.0364741641337 0.553191489362 0 8141 7783 |0, 0, 0, 0|82, 2, 1, 0|2719, 98, 63, 4|3129, 158, 144, 10|1497, 67, 148, 19
19 6 189 0.0349544072948 0.545592705167 0 8013 7530 |0, 0, 0, 0|82, 2, 1, 0|2629, 119, 53, 0|2946, 197, 133, 13|1525, 139, 161, 13
19 5 189 0.031914893617 0.534954407295 0 8934 7072 |0, 0, 0, 0|82, 11, 1, 0|2500, 683, 65, 1|2740, 757, 129, 37|1406, 329, 149, 44
19 4 189 0.0334346504559 0.544072948328 0 8307 7032 |0, 0, 0, 0|82, 73, 1, 3|2402, 474, 40, 11|2743, 473, 124, 31|1484, 175, 156, 35
19 3 189 0.0349544072948 0.544072948328 0 8522 7539 |0, 0, 0, 0|82, 5, 1, 0|2618, 236, 55, 1|2988, 420, 141, 27|1483, 253, 171, 41
19 2 189 0.0349544072948 0.551671732523 0 8067 7709 |0, 0, 0, 0|82, 1, 1, 0|2722, 68, 55, 0|3028, 154, 138, 15|1529, 94, 154, 26
19 1 189 0.0334346504559 0.528875379939 0 8530 7335 |0, 0, 0, 0|82, 8, 1, 0|2514, 432, 66, 1|2889, 486, 146, 28|1492, 212, 145, 28
20 10 189 0.0349544072948 0.54103343465 0 8027 7606 |0, 0, 0, 0|82, 40, 1, 3|2548, 71, 35, 1|3105, 166, 132, 10|1548, 113, 155, 17
20 9 189 0.031914893617 0.547112462006 0 7982 6874 |0, 0, 0, 0|82, 3, 1, 0|2486, 264, 55, 4|2680, 482, 126, 37|1324, 284, 120, 34
20 8 189 0.0349544072948 0.550151975684 0 8203 7703 |0, 0, 0, 0|82, 1, 1, 0|2663, 107, 69, 1|3062, 208, 153, 16|1529, 144, 144, 23
20 7 189 0.0334346504559 0.553191489362 0 8314 7457 |0, 0, 0, 0|82, 7, 1, 0|2645, 258, 63, 4|2883, 346, 115, 24|1527, 181, 141, 37
20 6 189 0.0379939209726 0.551671732523 0 7869 7662 |0, 0, 0, 0|82, 40, 1, 3|2534, 21, 34, 0|3118, 64, 148, 19|1572, 47, 173, 13
20 5 189 0.0364741641337 0.550151975684 0 8131 7865 |0, 0, 0, 0|82, 1, 1, 0|2649, 48, 66, 0|3124, 114, 150, 10|1638, 84, 155, 9
20 4 189 0.0349544072948 0.544072948328 0 8343 7513 |0, 0, 0, 0|82, 6, 1, 0|2658, 305, 62, 2|2953, 324, 145, 16|1455, 153, 157, 24
20 3 189 0.0334346504559 0.545592705167 0 8214 7581 |0, 0, 0, 0|82, 2, 1, 0|2717, 138, 68, 0|2878, 256, 165, 18|1493, 192, 177, 27
20 2 189 0.0349544072948 0.551671732523 0 8237 7564 |0, 0, 0, 0|82, 6, 1, 0|2618, 161, 59, 1|3003, 280, 141, 23|1526, 163, 134, 39
20 1 189 0.0364741641337 0.551671732523 0 7937 7789 |0, 0, 0, 0|82, 0, 1, 0|2754, 8, 72, 0|3074, 59, 170, 7|1487, 55, 149, 19
21 10 189 0.0364741641337 0.551671732523 0 8129 7763 |0, 0, 0, 0|82, 4, 1, 0|2681, 79, 69, 1|3062, 155, 139, 11|1564, 87, 165, 29
21 9 189 0.0349544072948 0.551671732523 0 8226 7438 |0, 0, 0, 0|82, 3, 1, 0|2625, 240, 57, 1|2909, 319, 124, 27|1515, 171, 125, 27
21 8 189 0.0349544072948 0.553191489362 0 8038 7635 |0, 0, 0, 0|82, 1, 1, 0|2654, 95, 71, 3|2943, 165, 154, 10|1567, 101, 163, 28
21 7 189 0.0364741641337 0.553191489362 0 8251 7711 |0, 0, 0, 0|82, 4, 1, 0|2674, 239, 62, 3|3013, 191, 149, 15|1567, 68, 163, 20
21 6 189 0.0364741641337 0.544072948328 0 8121 7762 |0, 0, 0, 0|82, 1, 1, 0|2660, 83, 60, 0|3056, 138, 142, 18|1608, 98, 153, 21
21 5 189 0.0349544072948 0.550151975684 0 8336 7515 |0, 0, 0, 0|82, 3, 1, 0|2578, 244, 58, 1|2964, 364, 137, 21|1533, 159, 162, 29
21 4 189 0.0379939209726 0.553191489362 0 7907 7791 |0, 0, 0, 0|82, 0, 1, 0|2697, 23, 72, 1|3025, 35, 146, 16|1598, 22, 170, 19
21 3 189 0.0379939209726 0.553191489362 0 8021 7950 |0, 0, 0, 0|82, 0, 1, 0|2745, 13, 64, 0|3147, 29, 137, 8|1614, 10, 160, 11
21 2 189 0.0364741641337 0.551671732523 0 8145 8034 |0, 0, 0, 0|82, 0, 1, 0|2825, 8, 53, 0|3177, 40, 136, 9|1577, 35, 183, 19
21 1 189 0.0349544072948 0.551671732523 0 7700 7381 |0, 0, 0, 0|82, 0, 1, 0|2637, 46, 56, 0|2834, 112, 143, 18|1478, 123, 150, 20
22 10 189 0.0379939209726 0.553191489362 0 7928 7897 |0, 0, 0, 0|82, 0, 1, 0|2698, 0, 77, 0|3144, 4, 127, 12|1625, 5, 143, 10
22 9 189 0.0379939209726 0.553191489362 0 8039 7979 |0, 0, 0, 0|82, 0, 1, 0|2751, 9, 55, 0|3188, 15, 159, 13|1588, 7, 155, 16
22 8 189 0.0379939209726 0.553191489362 0 8034 7993 |0, 0, 0, 0|82, 0, 1, 0|2775, 2, 56, 0|3166, 5, 156, 13|1593, 8, 164, 13
22 7 189 0.0379939209726 0.553191489362 0 8089 8055 |0, 0, 0, 0|82, 0, 1, 0|2754, 0, 45, 0|3244, 3, 163, 7|1585, 12, 181, 12
22 6 189 0.0379939209726 0.553191489362 0 7971 7943 |0, 0, 0, 0|82, 0, 1, 0|2761, 2, 64, 0|3120, 3, 160, 7|1612, 7, 143, 9
22 5 189 0.0379939209726 0.553191489362 0 8078 8022 |0, 0, 0, 0|82, 0, 1, 0|2707, 4, 64, 0|3219, 15, 150, 8|1637, 9, 162, 20
22 4 189 0.0379939209726 0.553191489362 0 8065 8023 |0, 0, 0, 0|82, 0, 1, 0|2696, 1, 65, 0|3259, 9, 124, 16|1632, 8, 164, 8
22 3 189 0.0379939209726 0.551671732523 0 7976 7948 |0, 0, 0, 0|82, 0, 1, 0|2748, 1, 70, 0|3139, 4, 155, 6|1597, 8, 156, 9
22 2 189 0.0379939209726 0.553191489362 0 8030 8001 |0, 0, 0, 0|82, 0, 1, 0|2752, 1, 70, 0|3134, 6, 167, 7|1603, 4, 192, 11
22 1 189 0.0379939209726 0.553191489362 0 8058 8005 |0, 0, 0, 0|82, 0, 1, 0|2789, 18, 63, 1|3097, 9, 161, 8|1650, 5, 162, 12
23 10 189 0.0379939209726 0.553191489362 0 7999 7970 |0, 0, 0, 0|82, 0, 1, 0|2768, 1, 60, 0|3129, 2, 173, 11|1593, 4, 164, 11
23 9 189 0.0379939209726 0.553191489362 0 7949 7918 |0, 0, 0, 0|82, 0, 1, 0|2742, 0, 52, 0|3110, 5, 138, 8|1628, 5, 165, 13
23 8 189 0.0379939209726 0.553191489362 0 8011 7983 |0, 0, 0, 0|82, 0, 1, 0|2673, 1, 59, 0|3092, 2, 163, 9|1746, 3, 167, 13
23 7 189 0.0379939209726 0.553191489362 0 8107 8076 |0, 0, 0, 0|82, 0, 1, 0|2814, 1, 57, 0|3222, 3, 142, 12|1609, 8, 149, 7
23 6 189 0.0379939209726 0.553191489362 0 8002 7964 |0, 0, 0, 0|82, 0, 1, 0|2660, 1, 55, 0|3153, 5, 159, 12|1690, 8, 164, 12
23 5 189 0.0379939209726 0.553191489362 0 8007 7976 |0, 0, 0, 0|82, 0, 1, 0|2727, 1, 51, 0|3186, 6, 132, 6|1640, 6, 157, 12
23 4 189 0.0379939209726 0.553191489362 0 7950 7914 |0, 0, 0, 0|82, 0, 1, 0|2718, 2, 63, 0|3126, 7, 148, 8|1608, 8, 168, 11
23 3 189 0.0379939209726 0.553191489362 0 7951 7913 |0, 0, 0, 0|82, 0, 1, 0|2746, 1, 58, 0|3104, 9, 150, 7|1619, 5, 153, 16
23 2 189 0.0379939209726 0.553191489362 0 8051 8021 |0, 0, 0, 0|82, 0, 1, 0|2743, 0, 71, 0|3181, 4, 165, 15|1602, 2, 176, 9
23 1 189 0.0379939209726 0.553191489362 0 7922 7893 |0, 0, 0, 0|82, 0, 1, 0|2667, 1, 66, 0|3139, 4, 141, 10|1597, 3, 200, 11
