Cutoff >1
N1 20000
MaxLen1 12
nHaps NHaps nSp single_nucleotide_pDNCs pDNC_recovered
2 10 99 0.0170316301703 0.530413625304 0 3841 2476 |0, 0, 0, 0|15, 8, 9, 2|449, 390, 307, 144|660, 398, 468, 183|341, 133, 227, 107
2 9 99 0.00973236009732 0.523114355231 0 3719 2263 |0, 0, 0, 0|15, 8, 9, 1|464, 141, 268, 265|611, 324, 420, 361|262, 160, 214, 196
2 8 99 0.0170316301703 0.52798053528 0 3804 2594 |0, 0, 0, 0|15, 7, 9, 1|489, 88, 317, 271|687, 233, 482, 300|337, 154, 258, 156
2 7 99 0.0121654501217 0.523114355231 0 3764 2386 |0, 0, 0, 0|15, 2, 9, 1|498, 116, 310, 305|632, 289, 387, 331|305, 159, 230, 175
2 6 99 0.0170316301703 0.523114355231 0 3753 2411 |0, 0, 0, 0|15, 7, 9, 1|467, 124, 301, 279|674, 254, 430, 340|295, 147, 220, 190
2 5 99 0.0121654501217 0.520681265207 0 3930 2465 |0, 0, 0, 0|15, 7, 9, 1|463, 118, 309, 314|646, 289, 446, 403|323, 171, 254, 162
2 4 99 0.0194647201946 0.523114355231 0 4165 2887 |0, 0, 0, 0|15, 3, 9, 2|566, 306, 345, 132|758, 385, 490, 220|398, 100, 306, 130
2 3 99 0.0194647201946 0.525547445255 0 3539 2478 |0, 0, 0, 0|15, 1, 9, 1|504, 88, 311, 232|658, 180, 441, 316|289, 109, 251, 134
2 2 99 0.0194647201946 0.52798053528 0 4024 2717 |0, 0, 0, 0|15, 8, 9, 2|512, 321, 322, 140|734, 404, 494, 184|338, 143, 293, 105
2 1 99 0.014598540146 0.523114355231 0 4038 2567 |0, 0, 0, 0|15, 1, 9, 1|495, 137, 317, 273|707, 334, 439, 391|335, 172, 250, 162
3 10 99 0.0194647201946 0.52798053528 0 3616 2652 |0, 0, 0, 0|15, 3, 9, 3|534, 280, 332, 88|673, 297, 472, 149|345, 78, 272, 66
3 9 99 0.0243309002433 0.530413625304 0 3018 2700 |0, 0, 0, 0|15, 0, 9, 0|539, 37, 323, 26|738, 107, 446, 50|362, 52, 268, 46
3 8 99 0.0194647201946 0.530413625304 0 3030 2614 |0, 0, 0, 0|15, 1, 9, 0|523, 90, 324, 8|704, 131, 444, 60|322, 89, 273, 37
3 7 99 0.021897810219 0.532846715328 0 3097 2729 |0, 0, 0, 0|15, 1, 9, 0|532, 56, 324, 10|720, 114, 506, 67|336, 79, 287, 41
3 6 99 0.0267639902676 0.530413625304 0 3348 2743 |0, 0, 0, 0|15, 0, 9, 1|558, 17, 341, 213|738, 43, 458, 246|348, 14, 276, 71
3 5 99 0.0170316301703 0.530413625304 0 3222 2670 |0, 0, 0, 0|15, 1, 9, 0|520, 96, 313, 17|692, 200, 521, 80|328, 103, 272, 55
3 4 99 0.021897810219 0.530413625304 0 3474 2691 |0, 0, 0, 0|15, 0, 9, 1|505, 37, 328, 228|715, 114, 481, 252|362, 50, 276, 101
3 3 99 0.021897810219 0.52798053528 0 3437 2689 |0, 0, 0, 0|15, 0, 9, 1|537, 39, 320, 241|725, 87, 464, 229|335, 61, 284, 90
3 2 99 0.0243309002433 0.532846715328 0 3049 2779 |0, 0, 0, 0|15, 0, 9, 0|549, 33, 344, 10|708, 103, 515, 37|354, 65, 285, 22
3 1 99 0.021897810219 0.530413625304 0 3066 2677 |0, 0, 0, 0|15, 0, 9, 0|509, 65, 346, 26|726, 124, 480, 73|317, 58, 275, 43
4 10 99 0.0267639902676 0.530413625304 0 3343 2910 |0, 0, 0, 0|15, 0, 9, 1|549, 0, 346, 190|793, 1, 567, 181|365, 2, 266, 58
4 9 99 0.029197080292 0.532846715328 0 2986 2906 |0, 0, 0, 0|15, 0, 9, 0|552, 2, 349, 15|797, 17, 495, 20|388, 18, 301, 8
4 8 99 0.029197080292 0.532846715328 0 3008 2945 |0, 0, 0, 0|15, 0, 9, 0|569, 2, 321, 21|823, 8, 528, 15|385, 6, 295, 11
4 7 99 0.0243309002433 0.532846715328 0 3073 2698 |0, 0, 0, 0|15, 0, 9, 0|519, 53, 339, 44|767, 116, 449, 55|350, 58, 250, 49
4 6 99 0.0267639902676 0.532846715328 0 3399 2818 |0, 0, 0, 0|15, 0, 9, 1|537, 18, 345, 222|722, 17, 502, 236|368, 11, 320, 76
4 5 99 0.0267639902676 0.530413625304 0 3436 2971 |0, 0, 0, 0|15, 0, 9, 1|558, 0, 352, 195|790, 3, 541, 189|417, 5, 289, 72
4 4 99 0.029197080292 0.532846715328 0 2974 2966 |0, 0, 0, 0|15, 0, 9, 0|574, 0, 339, 0|801, 2, 499, 1|412, 3, 317, 2
4 3 99 0.0267639902676 0.532846715328 0 3403 2905 |0, 0, 0, 0|15, 0, 9, 1|552, 2, 335, 205|788, 9, 489, 212|405, 3, 312, 66
4 2 99 0.029197080292 0.532846715328 0 2968 2924 |0, 0, 0, 0|15, 0, 9, 0|545, 6, 359, 5|723, 11, 535, 8|439, 7, 299, 7
4 1 99 0.0267639902676 0.532846715328 0 3440 2903 |0, 0, 0, 0|15, 0, 9, 1|556, 5, 342, 212|775, 16, 502, 220|366, 3, 338, 80
5 10 99 0.029197080292 0.532846715328 0 2887 2887 |0, 0, 0, 0|15, 0, 9, 0|553, 0, 340, 0|809, 0, 482, 0|376, 0, 303, 0
5 9 99 0.029197080292 0.532846715328 0 2992 2967 |0, 0, 0, 0|15, 0, 9, 0|570, 0, 335, 1|742, 6, 560, 4|403, 7, 333, 7
5 8 99 0.029197080292 0.532846715328 0 2999 2999 |0, 0, 0, 0|15, 0, 9, 0|563, 0, 351, 0|804, 0, 559, 0|385, 0, 313, 0
5 7 99 0.029197080292 0.532846715328 0 2935 2935 |0, 0, 0, 0|15, 0, 9, 0|535, 0, 339, 0|823, 0, 513, 0|404, 0, 297, 0
5 6 99 0.029197080292 0.532846715328 0 3020 2981 |0, 0, 0, 0|15, 0, 9, 0|567, 0, 348, 1|781, 15, 551, 6|387, 7, 323, 10
5 5 99 0.029197080292 0.532846715328 0 3016 3016 |0, 0, 0, 0|15, 0, 9, 0|564, 0, 355, 0|793, 0, 556, 0|399, 0, 325, 0
5 4 99 0.029197080292 0.530413625304 0 2908 2908 |0, 0, 0, 0|15, 0, 9, 0|535, 0, 374, 0|787, 0, 526, 0|373, 0, 289, 0
5 3 99 0.029197080292 0.532846715328 0 2992 2921 |0, 0, 0, 0|15, 0, 9, 0|541, 2, 359, 19|786, 13, 519, 20|363, 6, 329, 11
5 2 99 0.029197080292 0.532846715328 0 2981 2981 |0, 0, 0, 0|15, 0, 9, 0|558, 0, 344, 0|801, 0, 554, 0|376, 0, 324, 0
5 1 99 0.029197080292 0.532846715328 0 2905 2905 |0, 0, 0, 0|15, 0, 9, 0|551, 0, 365, 0|742, 0, 535, 0|380, 0, 308, 0
6 10 99 0.029197080292 0.532846715328 0 2918 2918 |0, 0, 0, 0|15, 0, 9, 0|571, 0, 328, 0|787, 0, 505, 0|373, 0, 330, 0
6 9 99 0.029197080292 0.532846715328 0 2976 2976 |0, 0, 0, 0|15, 0, 9, 0|569, 0, 347, 0|811, 0, 513, 0|415, 0, 297, 0
6 8 99 0.029197080292 0.532846715328 0 2881 2881 |0, 0, 0, 0|15, 0, 9, 0|548, 0, 359, 0|759, 0, 517, 0|369, 0, 305, 0
6 7 99 0.029197080292 0.532846715328 0 2944 2944 |0, 0, 0, 0|15, 0, 9, 0|580, 0, 356, 0|789, 0, 494, 0|404, 0, 297, 0
6 6 99 0.029197080292 0.532846715328 0 2943 2943 |0, 0, 0, 0|15, 0, 9, 0|555, 0, 350, 0|780, 0, 536, 0|384, 0, 314, 0
6 5 99 0.029197080292 0.532846715328 0 3002 3002 |0, 0, 0, 0|15, 0, 9, 0|586, 0, 386, 0|785, 0, 503, 0|408, 0, 310, 0
6 4 99 0.029197080292 0.532846715328 0 2948 2948 |0, 0, 0, 0|15, 0, 9, 0|567, 0, 343, 0|765, 0, 531, 0|389, 0, 329, 0
6 3 99 0.029197080292 0.532846715328 0 2917 2917 |0, 0, 0, 0|15, 0, 9, 0|564, 0, 320, 0|778, 0, 529, 0|376, 0, 326, 0
6 2 99 0.029197080292 0.532846715328 0 2857 2857 |0, 0, 0, 0|15, 0, 9, 0|514, 0, 341, 0|835, 0, 515, 0|357, 0, 271, 0
6 1 99 0.029197080292 0.532846715328 0 2930 2930 |0, 0, 0, 0|15, 0, 9, 0|541, 0, 344, 0|747, 0, 553, 0|408, 0, 313, 0
