Cutoff >1
N1 20000
MaxLen1 12
nHaps NHaps nSp single_nucleotide_pDNCs pDNC_recovered
2 10 90 0.019801980198 0.57095709571 2 4975 2847 |1, 0, 1, 0|96, 25, 232, 35|642, 561, 493, 272|471, 428, 490, 370|140, 176, 281, 261
2 9 90 0.00770077007701 0.567656765677 2 5460 2549 |1, 0, 1, 0|95, 91, 236, 64|596, 799, 408, 438|420, 551, 468, 461|115, 224, 209, 283
2 8 90 0.02200220022 0.57095709571 2 4896 2650 |1, 0, 1, 0|95, 64, 235, 69|667, 407, 420, 463|401, 356, 443, 406|160, 190, 227, 291
2 7 90 0.020902090209 0.572057205721 2 5637 2587 |1, 0, 1, 0|96, 89, 228, 65|613, 636, 408, 495|466, 540, 416, 590|153, 216, 205, 419
2 6 90 0.013201320132 0.57095709571 2 4923 2605 |1, 0, 1, 0|92, 25, 233, 106|624, 531, 416, 386|434, 429, 437, 411|125, 147, 242, 283
2 5 90 0.017601760176 0.568756875688 2 5650 2377 |1, 0, 1, 0|93, 26, 225, 51|549, 577, 420, 453|362, 571, 413, 727|107, 260, 206, 608
2 4 90 0.014301430143 0.568756875688 2 4990 2864 |1, 0, 1, 0|92, 77, 238, 44|660, 531, 492, 288|486, 429, 462, 340|161, 181, 271, 236
2 3 90 0.02200220022 0.564356435644 2 4847 2690 |1, 0, 1, 0|97, 25, 233, 33|628, 415, 449, 328|419, 384, 472, 489|133, 138, 257, 345
2 2 90 0.014301430143 0.569856985699 2 5186 2537 |1, 0, 1, 0|93, 31, 231, 45|568, 562, 431, 417|409, 442, 462, 499|126, 208, 215, 445
2 1 90 0.01100110011 0.567656765677 2 5150 2637 |1, 0, 1, 0|96, 77, 234, 64|613, 639, 505, 463|426, 447, 416, 394|125, 174, 220, 255
3 10 90 0.014301430143 0.575357535754 2 4994 2748 |1, 0, 1, 0|95, 25, 233, 40|629, 633, 501, 284|466, 501, 452, 364|129, 165, 241, 234
3 9 90 0.018701870187 0.573157315732 2 4695 3030 |1, 0, 1, 0|95, 19, 232, 32|711, 435, 502, 211|538, 371, 544, 326|171, 110, 235, 161
3 8 90 0.020902090209 0.569856985699 2 4278 2837 |1, 0, 1, 0|95, 17, 238, 26|662, 329, 485, 171|467, 316, 491, 249|143, 152, 254, 181
3 7 90 0.013201320132 0.572057205721 2 5279 2811 |1, 0, 1, 0|95, 81, 234, 49|660, 671, 510, 348|460, 390, 478, 439|126, 171, 246, 319
3 6 90 0.015401540154 0.566556655666 2 5226 2881 |1, 0, 1, 0|94, 95, 233, 45|671, 690, 488, 338|511, 418, 491, 320|148, 185, 243, 254
3 5 90 0.00990099009901 0.568756875688 2 5221 2675 |1, 0, 1, 0|95, 95, 238, 131|628, 740, 439, 390|425, 460, 450, 345|128, 168, 270, 217
3 4 90 0.017601760176 0.567656765677 2 4987 2744 |1, 0, 1, 0|95, 73, 233, 42|628, 496, 522, 414|446, 359, 435, 367|160, 153, 223, 339
3 3 90 0.018701870187 0.572057205721 2 5050 2989 |1, 0, 1, 0|93, 76, 234, 39|698, 593, 543, 273|485, 381, 490, 321|144, 155, 300, 223
3 2 90 0.02200220022 0.576457645765 2 4634 2977 |1, 0, 1, 0|94, 17, 234, 32|679, 419, 503, 209|526, 365, 502, 290|164, 119, 273, 206
3 1 90 0.02200220022 0.566556655666 2 4475 2851 |1, 0, 1, 0|95, 28, 227, 98|660, 444, 470, 330|483, 265, 487, 210|162, 115, 265, 134
4 10 90 0.02200220022 0.57095709571 2 4625 2709 |1, 0, 1, 0|95, 13, 237, 43|641, 399, 444, 371|481, 361, 449, 309|123, 158, 237, 262
4 9 90 0.023102310231 0.563256325633 2 5000 2703 |1, 0, 1, 0|93, 25, 234, 66|666, 498, 457, 462|445, 398, 428, 406|142, 178, 236, 264
4 8 90 0.020902090209 0.57095709571 2 5470 2508 |1, 0, 1, 0|94, 91, 234, 66|591, 685, 413, 503|446, 468, 428, 554|102, 214, 198, 381
4 7 90 0.019801980198 0.565456545655 2 4766 2780 |1, 0, 1, 0|94, 74, 237, 108|693, 497, 433, 369|487, 357, 422, 255|165, 119, 247, 207
4 6 90 0.019801980198 0.569856985699 2 4992 2517 |1, 0, 1, 0|95, 89, 232, 67|582, 645, 440, 361|395, 446, 426, 419|120, 192, 225, 256
4 5 90 0.017601760176 0.568756875688 2 4968 3095 |1, 0, 1, 0|94, 80, 237, 41|708, 588, 531, 280|502, 331, 537, 261|177, 142, 307, 150
4 4 90 0.024202420242 0.572057205721 2 4590 3031 |1, 0, 1, 0|96, 5, 232, 89|705, 266, 506, 283|519, 319, 526, 244|175, 151, 270, 202
4 3 90 0.026402640264 0.57095709571 2 4649 2732 |1, 0, 1, 0|95, 65, 230, 51|644, 342, 477, 285|452, 322, 474, 366|151, 184, 207, 302
4 2 90 0.027502750275 0.57095709571 2 4246 3057 |1, 0, 1, 0|94, 4, 236, 16|712, 226, 503, 170|508, 270, 534, 207|186, 124, 282, 172
4 1 90 0.018701870187 0.567656765677 2 4685 2742 |1, 0, 1, 0|93, 18, 233, 99|647, 463, 473, 321|439, 402, 477, 311|136, 133, 242, 196
5 10 90 0.019801980198 0.57095709571 2 5499 2640 |1, 0, 1, 0|94, 92, 230, 68|618, 629, 442, 492|445, 467, 440, 552|135, 189, 234, 370
5 9 90 0.019801980198 0.568756875688 2 4769 2980 |1, 0, 1, 0|96, 23, 233, 102|728, 412, 482, 343|514, 343, 503, 263|142, 132, 280, 171
5 8 90 0.025302530253 0.569856985699 2 4875 3220 |1, 0, 1, 0|92, 23, 233, 42|760, 433, 556, 356|516, 300, 574, 248|175, 105, 312, 148
5 7 90 0.024202420242 0.576457645765 2 4703 3129 |1, 0, 1, 0|96, 18, 237, 18|684, 377, 582, 195|517, 331, 559, 272|155, 159, 297, 204
5 6 90 0.016501650165 0.568756875688 2 4877 2872 |1, 0, 1, 0|95, 86, 235, 51|626, 550, 496, 315|487, 388, 505, 287|157, 132, 269, 196
5 5 90 0.020902090209 0.576457645765 2 4918 2911 |1, 0, 1, 0|92, 78, 234, 57|693, 510, 490, 430|478, 322, 484, 280|182, 138, 256, 192
5 4 90 0.015401540154 0.569856985699 2 4956 2952 |1, 0, 1, 0|96, 26, 233, 33|726, 549, 522, 262|508, 402, 501, 335|139, 155, 225, 242
5 3 90 0.028602860286 0.572057205721 2 4249 3066 |1, 0, 1, 0|93, 4, 238, 15|694, 215, 551, 188|524, 215, 546, 237|156, 119, 262, 190
5 2 90 0.017601760176 0.576457645765 2 5066 2885 |1, 0, 1, 0|95, 85, 233, 64|664, 598, 470, 435|510, 371, 476, 305|157, 143, 278, 180
5 1 90 0.030803080308 0.566556655666 2 4513 3117 |1, 0, 1, 0|94, 14, 237, 88|735, 339, 505, 288|533, 227, 514, 181|193, 112, 304, 147
6 10 90 0.029702970297 0.572057205721 2 4521 3022 |1, 0, 1, 0|96, 22, 233, 93|655, 383, 531, 268|513, 272, 537, 220|146, 90, 309, 151
6 9 90 0.023102310231 0.567656765677 2 4230 3065 |1, 0, 1, 0|95, 12, 234, 13|662, 299, 565, 114|530, 270, 533, 186|171, 117, 273, 154
6 8 90 0.026402640264 0.566556655666 2 4620 3261 |1, 0, 1, 0|96, 65, 233, 33|773, 323, 525, 198|603, 261, 537, 200|178, 120, 314, 159
6 7 90 0.025302530253 0.575357535754 2 4583 2997 |1, 0, 1, 0|94, 7, 238, 93|724, 313, 457, 310|500, 287, 526, 246|172, 123, 284, 207
6 6 90 0.034103410341 0.572057205721 2 4287 3366 |1, 0, 1, 0|95, 2, 240, 21|775, 157, 586, 253|576, 160, 606, 170|180, 53, 306, 105
6 5 90 0.025302530253 0.572057205721 2 4396 3005 |1, 0, 1, 0|92, 17, 238, 90|757, 341, 492, 281|515, 234, 503, 178|143, 107, 263, 143
6 4 90 0.020902090209 0.568756875688 2 4729 2839 |1, 0, 1, 0|96, 13, 234, 34|629, 356, 508, 260|499, 404, 471, 365|121, 164, 279, 294
6 3 90 0.020902090209 0.567656765677 2 4926 2948 |1, 0, 1, 0|95, 78, 235, 35|695, 516, 519, 224|477, 405, 505, 319|161, 175, 259, 226
6 2 90 0.034103410341 0.573157315732 2 4127 3350 |1, 0, 1, 0|96, 7, 234, 11|786, 193, 533, 115|585, 154, 635, 153|183, 58, 296, 86
6 1 90 0.016501650165 0.567656765677 2 5190 2772 |1, 0, 1, 0|96, 82, 237, 64|590, 643, 469, 412|466, 460, 474, 362|174, 149, 264, 246
7 10 90 0.023102310231 0.568756875688 2 4582 3190 |1, 0, 1, 0|95, 22, 237, 25|739, 428, 596, 206|476, 267, 551, 214|178, 88, 316, 142
7 9 90 0.02200220022 0.578657865787 2 4554 3263 |1, 0, 1, 0|94, 11, 239, 18|753, 357, 545, 193|545, 238, 604, 235|190, 102, 291, 137
7 8 90 0.02200220022 0.574257425743 2 4366 2857 |1, 0, 1, 0|94, 76, 240, 30|641, 415, 494, 209|482, 241, 494, 245|150, 105, 260, 188
7 7 90 0.030803080308 0.574257425743 2 3910 3085 |1, 0, 1, 0|93, 12, 235, 14|727, 206, 574, 102|488, 168, 501, 151|173, 69, 292, 103
7 6 90 0.024202420242 0.564356435644 2 4613 3210 |1, 0, 1, 0|96, 23, 230, 25|715, 431, 539, 196|532, 254, 592, 240|175, 98, 329, 136
7 5 90 0.028602860286 0.576457645765 2 4298 3367 |1, 0, 1, 0|96, 22, 239, 17|743, 286, 573, 123|557, 186, 613, 156|200, 58, 344, 83
7 4 90 0.018701870187 0.569856985699 2 4789 3060 |1, 0, 1, 0|92, 76, 238, 40|749, 494, 508, 272|508, 311, 529, 268|166, 117, 268, 151
7 3 90 0.018701870187 0.572057205721 2 4468 2974 |1, 0, 1, 0|95, 26, 236, 36|691, 470, 549, 211|489, 299, 508, 211|148, 119, 256, 122
7 2 90 0.027502750275 0.567656765677 2 4308 3234 |1, 0, 1, 0|95, 20, 237, 23|728, 322, 569, 156|541, 212, 558, 187|206, 55, 298, 99
7 1 90 0.027502750275 0.574257425743 2 4608 3213 |1, 0, 1, 0|94, 68, 232, 32|754, 422, 594, 192|535, 243, 577, 211|168, 83, 257, 144
8 10 90 0.028602860286 0.573157315732 2 4188 3188 |1, 0, 1, 0|95, 12, 238, 9|750, 253, 567, 112|513, 215, 548, 182|174, 86, 301, 131
8 9 90 0.028602860286 0.568756875688 2 4172 3105 |1, 0, 1, 0|95, 14, 237, 13|681, 301, 546, 136|512, 219, 584, 192|161, 76, 287, 116
8 8 90 0.028602860286 0.567656765677 2 4300 3047 |1, 0, 1, 0|93, 12, 236, 16|700, 281, 528, 189|537, 258, 487, 204|172, 120, 292, 173
8 7 90 0.020902090209 0.577557755776 2 4458 2616 |1, 0, 1, 0|92, 11, 229, 33|603, 375, 463, 257|415, 381, 444, 359|142, 179, 226, 247
8 6 90 0.02200220022 0.573157315732 2 4370 2980 |1, 0, 1, 0|94, 80, 231, 34|704, 391, 518, 244|494, 227, 493, 184|154, 98, 290, 132
8 5 90 0.030803080308 0.568756875688 2 3937 3341 |1, 0, 1, 0|94, 3, 235, 2|745, 117, 622, 66|544, 110, 633, 122|178, 61, 288, 115
8 4 90 0.03300330033 0.57095709571 2 4173 3438 |1, 0, 1, 0|97, 2, 237, 4|825, 121, 627, 116|596, 152, 538, 154|198, 55, 318, 131
8 3 90 0.031903190319 0.575357535754 2 4119 3144 |1, 0, 1, 0|95, 12, 232, 18|726, 271, 512, 194|551, 159, 546, 169|170, 64, 310, 88
8 2 90 0.031903190319 0.574257425743 2 4360 3565 |1, 0, 1, 0|97, 16, 239, 12|808, 237, 642, 117|608, 137, 637, 123|198, 59, 334, 94
8 1 90 0.03300330033 0.572057205721 2 3984 3253 |1, 0, 1, 0|95, 6, 238, 10|769, 152, 514, 97|539, 147, 595, 145|188, 63, 313, 111
9 10 90 0.034103410341 0.574257425743 2 4101 3542 |1, 0, 1, 0|96, 5, 237, 2|758, 118, 606, 87|643, 113, 627, 105|222, 42, 351, 87
9 9 90 0.027502750275 0.572057205721 2 4473 3345 |1, 0, 1, 0|95, 65, 234, 26|729, 319, 587, 176|565, 181, 640, 163|203, 99, 290, 99
9 8 90 0.028602860286 0.567656765677 2 4437 3129 |1, 0, 1, 0|95, 63, 235, 33|741, 318, 540, 235|544, 241, 529, 205|151, 84, 292, 129
9 7 90 0.028602860286 0.568756875688 2 4455 3301 |1, 0, 1, 0|96, 16, 234, 18|759, 318, 585, 156|527, 275, 599, 180|200, 86, 299, 105
9 6 90 0.028602860286 0.574257425743 2 4399 3182 |1, 0, 1, 0|93, 62, 229, 25|754, 260, 577, 179|513, 239, 579, 206|163, 106, 272, 140
9 5 90 0.034103410341 0.573157315732 2 3869 3346 |1, 0, 1, 0|94, 3, 233, 0|764, 95, 585, 93|561, 103, 607, 98|170, 54, 330, 77
9 4 90 0.029702970297 0.575357535754 2 4223 3310 |1, 0, 1, 0|95, 9, 235, 8|779, 232, 571, 115|539, 188, 598, 177|195, 72, 296, 112
9 3 90 0.03300330033 0.57095709571 2 3932 3195 |1, 0, 1, 0|94, 5, 237, 9|752, 117, 544, 121|546, 145, 554, 142|174, 72, 292, 126
9 2 90 0.03300330033 0.573157315732 2 4184 3612 |1, 0, 1, 0|93, 2, 235, 3|836, 118, 581, 93|631, 112, 656, 96|213, 54, 365, 94
9 1 90 0.030803080308 0.575357535754 2 4434 3292 |1, 0, 1, 0|96, 6, 233, 17|757, 248, 590, 171|587, 243, 550, 197|163, 122, 314, 138
10 10 90 0.025302530253 0.576457645765 2 3747 3104 |1, 0, 1, 0|94, 6, 237, 10|661, 148, 568, 68|547, 148, 537, 118|166, 69, 292, 76
10 9 90 0.036303630363 0.576457645765 2 3677 3540 |1, 0, 1, 0|95, 0, 237, 0|814, 4, 630, 17|600, 30, 614, 28|198, 32, 350, 26
10 8 90 0.030803080308 0.578657865787 2 3976 3362 |1, 0, 1, 0|97, 55, 237, 19|752, 156, 584, 85|586, 109, 567, 80|189, 55, 348, 55
10 7 90 0.03300330033 0.579757975798 2 3612 3307 |1, 0, 1, 0|93, 2, 234, 4|718, 50, 612, 22|560, 90, 585, 50|192, 39, 311, 48
10 6 90 0.026402640264 0.583058305831 2 4230 3115 |1, 0, 1, 0|96, 12, 236, 28|715, 336, 515, 172|514, 231, 535, 167|207, 77, 295, 92
10 5 90 0.037403740374 0.578657865787 2 3654 3537 |1, 0, 1, 0|94, 0, 236, 0|805, 11, 611, 19|596, 20, 638, 22|189, 17, 366, 28
10 4 90 0.029702970297 0.580858085809 2 3936 3388 |1, 0, 1, 0|96, 7, 236, 11|732, 162, 603, 66|600, 118, 561, 89|204, 42, 354, 53
10 3 90 0.027502750275 0.577557755776 2 3978 3100 |1, 0, 1, 0|92, 12, 235, 22|729, 251, 515, 159|538, 169, 546, 124|136, 63, 307, 78
10 2 90 0.030803080308 0.580858085809 2 4056 3428 |1, 0, 1, 0|95, 11, 238, 15|771, 204, 610, 82|620, 121, 603, 106|174, 41, 315, 48
10 1 90 0.031903190319 0.58195819582 2 3808 3321 |1, 0, 1, 0|95, 9, 237, 12|732, 172, 569, 63|552, 78, 614, 76|193, 32, 327, 45
11 10 90 0.026402640264 0.579757975798 2 4004 3180 |1, 0, 1, 0|96, 17, 237, 20|731, 305, 512, 104|545, 164, 588, 113|172, 37, 297, 64
11 9 90 0.035203520352 0.577557755776 2 3518 3380 |1, 0, 1, 0|95, 1, 237, 1|716, 22, 577, 10|618, 34, 605, 23|177, 19, 353, 28
11 8 90 0.034103410341 0.580858085809 2 3817 3405 |1, 0, 1, 0|95, 1, 239, 6|742, 69, 621, 61|586, 104, 582, 68|213, 48, 325, 55
11 7 90 0.034103410341 0.577557755776 2 3589 3254 |1, 0, 1, 0|93, 1, 235, 3|697, 55, 563, 28|599, 80, 606, 70|159, 41, 300, 57
11 6 90 0.036303630363 0.578657865787 2 3509 3228 |1, 0, 1, 0|96, 1, 230, 5|732, 25, 549, 66|531, 61, 577, 47|180, 40, 331, 36
11 5 90 0.034103410341 0.577557755776 2 3674 3441 |1, 0, 1, 0|95, 1, 235, 4|729, 28, 620, 14|606, 57, 642, 48|189, 38, 323, 43
11 4 90 0.030803080308 0.577557755776 2 4070 3464 |1, 0, 1, 0|96, 11, 233, 15|775, 193, 584, 83|625, 110, 595, 115|217, 42, 337, 37
11 3 90 0.034103410341 0.580858085809 2 3739 3468 |1, 0, 1, 0|95, 2, 233, 4|798, 55, 580, 23|608, 69, 575, 54|203, 23, 374, 41
11 2 90 0.03300330033 0.577557755776 2 3845 3467 |1, 0, 1, 0|95, 1, 237, 6|750, 94, 615, 44|623, 89, 598, 55|179, 39, 368, 50
11 1 90 0.034103410341 0.577557755776 2 3686 3553 |1, 0, 1, 0|96, 0, 236, 0|785, 13, 632, 11|599, 32, 651, 24|218, 22, 334, 31
12 10 90 0.035203520352 0.580858085809 2 3614 3488 |1, 0, 1, 0|92, 1, 233, 1|793, 23, 579, 16|592, 31, 636, 24|200, 12, 361, 18
12 9 90 0.030803080308 0.580858085809 2 3564 3303 |1, 0, 1, 0|94, 1, 236, 8|713, 31, 589, 63|589, 50, 558, 46|199, 29, 323, 33
12 8 90 0.024202420242 0.579757975798 2 4185 3214 |1, 0, 1, 0|96, 7, 235, 13|770, 266, 553, 155|515, 197, 531, 148|189, 71, 323, 114
12 7 90 0.031903190319 0.58195819582 2 3860 3397 |1, 0, 1, 0|92, 9, 237, 12|726, 165, 583, 57|561, 92, 630, 72|242, 26, 324, 30
12 6 90 0.035203520352 0.579757975798 2 3730 3460 |1, 0, 1, 0|95, 1, 238, 3|788, 49, 645, 36|665, 56, 541, 48|194, 35, 292, 42
12 5 90 0.029702970297 0.58195819582 2 3784 3361 |1, 0, 1, 0|96, 7, 235, 9|745, 118, 578, 56|559, 88, 623, 72|220, 33, 303, 40
12 4 90 0.030803080308 0.579757975798 2 3720 3111 |1, 0, 1, 0|94, 12, 230, 18|702, 212, 491, 130|566, 101, 546, 78|170, 27, 310, 31
12 3 90 0.034103410341 0.576457645765 2 3862 3591 |1, 0, 1, 0|95, 2, 232, 4|736, 54, 615, 26|647, 67, 661, 53|240, 34, 363, 31
12 2 90 0.036303630363 0.579757975798 2 3710 3648 |1, 0, 1, 0|95, 0, 241, 0|788, 1, 647, 3|667, 8, 642, 15|207, 13, 359, 22
12 1 90 0.036303630363 0.579757975798 2 3644 3433 |1, 0, 1, 0|96, 1, 237, 3|761, 37, 588, 28|627, 51, 589, 35|197, 25, 336, 31
13 10 90 0.03300330033 0.579757975798 2 3839 3387 |1, 0, 1, 0|95, 1, 234, 6|814, 84, 596, 83|555, 87, 576, 89|188, 46, 327, 56
13 9 90 0.034103410341 0.580858085809 2 3843 3508 |1, 0, 1, 0|93, 1, 238, 5|779, 74, 622, 33|614, 71, 600, 63|217, 36, 343, 52
13 8 90 0.035203520352 0.579757975798 2 3693 3593 |1, 0, 1, 0|94, 1, 238, 1|819, 16, 619, 10|629, 32, 637, 17|210, 10, 345, 13
13 7 90 0.035203520352 0.580858085809 2 3733 3614 |1, 0, 1, 0|96, 1, 237, 1|807, 15, 583, 14|652, 30, 670, 25|229, 16, 338, 17
13 6 90 0.03300330033 0.578657865787 2 3672 3410 |1, 0, 1, 0|95, 2, 237, 4|783, 59, 599, 16|559, 72, 606, 46|186, 23, 343, 40
13 5 90 0.031903190319 0.579757975798 2 3991 3420 |1, 0, 1, 0|93, 54, 231, 19|771, 131, 592, 93|580, 100, 626, 88|184, 37, 341, 49
13 4 90 0.034103410341 0.579757975798 2 3743 3516 |1, 0, 1, 0|96, 2, 241, 4|820, 51, 570, 19|619, 64, 627, 36|189, 26, 352, 25
13 3 90 0.035203520352 0.580858085809 2 3588 3432 |1, 0, 1, 0|94, 1, 234, 1|760, 22, 577, 7|598, 45, 618, 28|221, 21, 328, 31
13 2 90 0.035203520352 0.580858085809 2 3603 3409 |1, 0, 1, 0|93, 2, 237, 6|730, 39, 528, 54|637, 36, 652, 33|191, 12, 339, 12
13 1 90 0.03300330033 0.577557755776 2 3889 3413 |1, 0, 1, 0|93, 1, 234, 6|755, 84, 575, 55|595, 114, 630, 71|183, 56, 346, 89
14 10 90 0.037403740374 0.579757975798 2 3596 3588 |1, 0, 1, 0|94, 0, 230, 0|766, 1, 639, 0|633, 1, 635, 2|238, 2, 351, 2
14 9 90 0.036303630363 0.583058305831 2 3703 3657 |1, 0, 1, 0|96, 0, 236, 0|801, 3, 625, 15|656, 9, 666, 13|229, 2, 346, 4
14 8 90 0.037403740374 0.579757975798 2 3604 3580 |1, 0, 1, 0|97, 0, 234, 0|802, 1, 633, 3|604, 3, 625, 7|208, 1, 375, 9
14 7 90 0.034103410341 0.579757975798 2 3654 3415 |1, 0, 1, 0|94, 2, 236, 4|737, 50, 558, 22|630, 66, 603, 44|237, 23, 318, 28
14 6 90 0.036303630363 0.58195819582 2 3702 3480 |1, 0, 1, 0|94, 1, 236, 3|775, 42, 578, 39|591, 49, 617, 48|220, 17, 367, 23
14 5 90 0.036303630363 0.579757975798 2 3685 3671 |1, 0, 1, 0|96, 0, 236, 0|805, 1, 631, 0|618, 2, 675, 4|217, 2, 391, 5
14 4 90 0.036303630363 0.58195819582 2 3671 3519 |1, 0, 1, 0|92, 1, 234, 3|791, 31, 597, 14|604, 37, 667, 31|190, 19, 342, 16
14 3 90 0.036303630363 0.579757975798 2 3584 3560 |1, 0, 1, 0|94, 0, 234, 0|815, 0, 636, 5|609, 3, 619, 7|207, 4, 344, 5
14 2 90 0.037403740374 0.583058305831 2 3653 3652 |1, 0, 1, 0|92, 0, 233, 0|803, 0, 635, 0|647, 0, 607, 0|245, 1, 388, 0
14 1 90 0.036303630363 0.579757975798 2 3709 3527 |1, 0, 1, 0|96, 1, 233, 3|768, 32, 583, 16|560, 52, 704, 30|217, 21, 364, 27
15 10 90 0.037403740374 0.580858085809 2 3586 3582 |1, 0, 1, 0|96, 0, 237, 0|761, 1, 622, 0|641, 0, 636, 0|227, 0, 360, 3
15 9 90 0.037403740374 0.583058305831 2 3631 3631 |1, 0, 1, 0|93, 0, 235, 0|797, 0, 618, 0|606, 0, 662, 0|232, 0, 386, 0
15 8 90 0.034103410341 0.58195819582 2 3570 3316 |1, 0, 1, 0|95, 2, 235, 4|698, 51, 582, 17|560, 73, 607, 53|193, 30, 344, 24
15 7 90 0.037403740374 0.580858085809 2 3616 3580 |1, 0, 1, 0|93, 0, 238, 0|779, 3, 603, 18|637, 2, 638, 12|203, 0, 387, 1
15 6 90 0.035203520352 0.579757975798 2 3456 3414 |1, 0, 1, 0|93, 0, 235, 0|807, 5, 593, 0|590, 14, 599, 5|186, 9, 309, 9
15 5 90 0.037403740374 0.579757975798 2 3535 3528 |1, 0, 1, 0|96, 0, 234, 0|757, 0, 597, 0|616, 3, 671, 2|192, 1, 363, 1
15 4 90 0.036303630363 0.580858085809 2 3563 3533 |1, 0, 1, 0|96, 0, 238, 0|814, 2, 623, 0|605, 7, 607, 1|208, 11, 340, 9
15 3 90 0.037403740374 0.580858085809 2 3566 3558 |1, 0, 1, 0|94, 0, 238, 0|786, 1, 595, 0|621, 1, 641, 1|214, 3, 367, 2
15 2 90 0.037403740374 0.580858085809 2 3630 3630 |1, 0, 1, 0|95, 0, 232, 0|810, 0, 627, 0|599, 0, 701, 0|181, 0, 383, 0
15 1 90 0.036303630363 0.583058305831 2 3627 3612 |1, 0, 1, 0|96, 0, 242, 0|766, 2, 649, 1|621, 4, 671, 3|189, 4, 376, 1
16 10 90 0.035203520352 0.580858085809 2 3758 3580 |1, 0, 1, 0|96, 1, 234, 3|762, 30, 629, 28|602, 52, 657, 33|224, 10, 374, 21
16 9 90 0.037403740374 0.583058305831 2 3612 3594 |1, 0, 1, 0|95, 0, 234, 0|804, 0, 622, 1|634, 1, 641, 7|208, 3, 354, 6
16 8 90 0.037403740374 0.583058305831 2 3579 3578 |1, 0, 1, 0|96, 0, 239, 0|795, 0, 578, 0|667, 0, 635, 0|195, 1, 371, 0
16 7 90 0.036303630363 0.580858085809 2 3785 3635 |1, 0, 1, 0|94, 1, 239, 3|787, 24, 636, 17|662, 38, 662, 35|202, 13, 351, 19
16 6 90 0.036303630363 0.579757975798 2 3584 3564 |1, 0, 1, 0|97, 0, 236, 0|800, 2, 604, 0|606, 5, 659, 4|203, 5, 357, 4
16 5 90 0.037403740374 0.583058305831 2 3640 3632 |1, 0, 1, 0|96, 0, 239, 0|818, 1, 593, 0|681, 4, 656, 1|198, 2, 349, 0
16 4 90 0.037403740374 0.583058305831 2 3613 3575 |1, 0, 1, 0|96, 0, 237, 0|785, 4, 613, 16|622, 2, 667, 11|220, 0, 333, 5
16 3 90 0.030803080308 0.583058305831 2 3830 3389 |1, 0, 1, 0|95, 9, 233, 12|759, 177, 562, 55|612, 85, 579, 69|212, 11, 335, 23
16 2 90 0.035203520352 0.583058305831 2 3492 3417 |1, 0, 1, 0|95, 1, 234, 1|763, 15, 624, 6|593, 25, 611, 10|159, 9, 336, 8
16 1 90 0.037403740374 0.583058305831 2 3670 3634 |1, 0, 1, 0|94, 0, 237, 0|767, 3, 613, 14|658, 3, 687, 11|219, 2, 357, 3
17 10 90 0.037403740374 0.583058305831 2 3571 3571 |1, 0, 1, 0|96, 0, 235, 0|819, 0, 631, 0|621, 0, 616, 0|182, 0, 369, 0
17 9 90 0.037403740374 0.58195819582 2 3647 3642 |1, 0, 1, 0|94, 0, 237, 0|760, 0, 633, 0|621, 2, 685, 2|228, 1, 382, 0
17 8 90 0.036303630363 0.580858085809 2 3619 3609 |1, 0, 1, 0|96, 0, 238, 0|756, 0, 627, 2|685, 1, 624, 1|228, 2, 353, 4
17 7 90 0.037403740374 0.583058305831 2 3601 3581 |1, 0, 1, 0|94, 0, 234, 0|791, 0, 580, 5|622, 0, 642, 10|223, 2, 393, 3
17 6 90 0.035203520352 0.583058305831 2 3596 3522 |1, 0, 1, 0|95, 1, 235, 1|771, 20, 580, 3|606, 16, 667, 12|204, 7, 362, 14
17 5 90 0.037403740374 0.583058305831 2 3566 3566 |1, 0, 1, 0|94, 0, 240, 0|824, 0, 612, 0|650, 0, 627, 0|184, 0, 333, 0
17 4 90 0.037403740374 0.583058305831 2 3620 3589 |1, 0, 1, 0|97, 0, 239, 0|811, 5, 572, 16|638, 0, 655, 8|215, 0, 360, 2
17 3 90 0.035203520352 0.580858085809 2 3653 3570 |1, 0, 1, 0|96, 1, 233, 1|784, 17, 640, 3|599, 18, 652, 16|221, 12, 343, 15
17 2 90 0.036303630363 0.58195819582 2 3647 3614 |1, 0, 1, 0|96, 0, 234, 0|777, 1, 609, 3|677, 7, 637, 4|221, 9, 361, 9
17 1 90 0.035203520352 0.583058305831 2 3633 3541 |1, 0, 1, 0|95, 1, 240, 1|769, 16, 639, 8|609, 21, 630, 20|211, 5, 346, 20
18 10 90 0.037403740374 0.583058305831 2 3555 3554 |1, 0, 1, 0|97, 0, 236, 0|776, 0, 606, 0|634, 0, 604, 0|254, 0, 345, 1
18 9 90 0.035203520352 0.583058305831 2 3581 3500 |1, 0, 1, 0|94, 1, 233, 1|813, 24, 634, 6|580, 23, 620, 10|208, 9, 316, 7
18 8 90 0.037403740374 0.583058305831 2 3615 3582 |1, 0, 1, 0|94, 0, 234, 0|795, 3, 613, 18|615, 1, 645, 8|226, 0, 358, 3
18 7 90 0.037403740374 0.583058305831 2 3543 3506 |1, 0, 1, 0|96, 0, 236, 0|784, 4, 634, 1|627, 2, 592, 8|196, 12, 339, 10
18 6 90 0.035203520352 0.583058305831 2 3519 3491 |1, 0, 1, 0|97, 0, 241, 0|770, 4, 629, 3|575, 8, 638, 9|200, 2, 339, 2
18 5 90 0.037403740374 0.583058305831 2 3546 3546 |1, 0, 1, 0|95, 0, 238, 0|816, 0, 602, 0|582, 0, 642, 0|210, 0, 359, 0
18 4 90 0.037403740374 0.583058305831 2 3553 3553 |1, 0, 1, 0|96, 0, 239, 0|739, 0, 613, 0|658, 0, 629, 0|199, 0, 378, 0
18 3 90 0.037403740374 0.583058305831 2 3602 3602 |1, 0, 1, 0|93, 0, 237, 0|791, 0, 579, 0|639, 0, 651, 0|198, 0, 412, 0
18 2 90 0.037403740374 0.583058305831 2 3653 3653 |1, 0, 1, 0|95, 0, 239, 0|798, 0, 652, 0|582, 0, 641, 0|239, 0, 405, 0
18 1 90 0.037403740374 0.583058305831 2 3669 3669 |1, 0, 1, 0|95, 0, 235, 0|818, 0, 632, 0|656, 0, 636, 0|216, 0, 379, 0
19 10 90 0.037403740374 0.583058305831 2 3679 3679 |1, 0, 1, 0|95, 0, 235, 0|787, 0, 660, 0|647, 0, 649, 0|203, 0, 401, 0
19 9 90 0.037403740374 0.583058305831 2 3526 3526 |1, 0, 1, 0|95, 0, 238, 0|742, 0, 636, 0|636, 0, 613, 0|237, 0, 327, 0
19 8 90 0.037403740374 0.583058305831 2 3616 3616 |1, 0, 1, 0|95, 0, 236, 0|818, 0, 599, 0|634, 0, 668, 0|230, 0, 334, 0
19 7 90 0.037403740374 0.583058305831 2 3546 3546 |1, 0, 1, 0|96, 0, 235, 0|758, 0, 614, 0|607, 0, 608, 0|245, 0, 381, 0
19 6 90 0.037403740374 0.583058305831 2 3632 3632 |1, 0, 1, 0|93, 0, 236, 0|755, 0, 633, 0|634, 0, 688, 0|209, 0, 382, 0
19 5 90 0.037403740374 0.583058305831 2 3713 3713 |1, 0, 1, 0|94, 0, 233, 0|875, 0, 626, 0|635, 0, 622, 0|262, 0, 364, 0
19 4 90 0.037403740374 0.583058305831 2 3540 3540 |1, 0, 1, 0|96, 0, 231, 0|777, 0, 561, 0|631, 0, 666, 0|204, 0, 372, 0
19 3 90 0.037403740374 0.583058305831 2 3541 3541 |1, 0, 1, 0|95, 0, 236, 0|776, 0, 574, 0|618, 0, 637, 0|241, 0, 362, 0
19 2 90 0.037403740374 0.583058305831 2 3583 3583 |1, 0, 1, 0|95, 0, 233, 0|822, 0, 587, 0|644, 0, 634, 0|212, 0, 354, 0
19 1 90 0.037403740374 0.583058305831 2 3621 3621 |1, 0, 1, 0|97, 0, 236, 0|807, 0, 601, 0|640, 0, 638, 0|220, 0, 380, 0
20 10 90 0.037403740374 0.583058305831 2 3594 3594 |1, 0, 1, 0|94, 0, 241, 0|783, 0, 616, 0|606, 0, 663, 0|222, 0, 367, 0
20 9 90 0.037403740374 0.583058305831 2 3601 3601 |1, 0, 1, 0|95, 0, 237, 0|789, 0, 638, 0|609, 0, 633, 0|220, 0, 378, 0
20 8 90 0.037403740374 0.583058305831 2 3637 3637 |1, 0, 1, 0|96, 0, 240, 0|787, 0, 621, 0|687, 0, 638, 0|195, 0, 371, 0
20 7 90 0.037403740374 0.583058305831 2 3529 3529 |1, 0, 1, 0|96, 0, 239, 0|806, 0, 600, 0|581, 0, 586, 0|240, 0, 379, 0
20 6 90 0.037403740374 0.583058305831 2 3557 3557 |1, 0, 1, 0|96, 0, 237, 0|802, 0, 576, 0|623, 0, 623, 0|211, 0, 387, 0
20 5 90 0.037403740374 0.583058305831 2 3544 3544 |1, 0, 1, 0|93, 0, 237, 0|780, 0, 596, 0|615, 0, 628, 0|225, 0, 368, 0
20 4 90 0.037403740374 0.583058305831 2 3545 3545 |1, 0, 1, 0|94, 0, 236, 0|768, 0, 607, 0|633, 0, 603, 0|237, 0, 365, 0
20 3 90 0.037403740374 0.583058305831 2 3641 3641 |1, 0, 1, 0|95, 0, 230, 0|808, 0, 662, 0|623, 0, 669, 0|225, 0, 327, 0
20 2 90 0.037403740374 0.583058305831 2 3522 3522 |1, 0, 1, 0|96, 0, 234, 0|795, 0, 588, 0|592, 0, 635, 0|225, 0, 355, 0
20 1 90 0.037403740374 0.583058305831 2 3606 3606 |1, 0, 1, 0|96, 0, 234, 0|831, 0, 608, 0|616, 0, 637, 0|199, 0, 383, 0
21 10 90 0.037403740374 0.583058305831 2 3674 3674 |1, 0, 1, 0|93, 0, 231, 0|848, 0, 654, 0|655, 0, 637, 0|207, 0, 347, 0
21 9 90 0.037403740374 0.583058305831 2 3636 3636 |1, 0, 1, 0|95, 0, 238, 0|835, 0, 613, 0|627, 0, 620, 0|208, 0, 398, 0
21 8 90 0.037403740374 0.583058305831 2 3698 3698 |1, 0, 1, 0|95, 0, 238, 0|840, 0, 666, 0|623, 0, 643, 0|223, 0, 368, 0
21 7 90 0.037403740374 0.583058305831 2 3592 3592 |1, 0, 1, 0|92, 0, 233, 0|761, 0, 623, 0|629, 0, 662, 0|229, 0, 361, 0
21 6 90 0.037403740374 0.583058305831 2 3661 3661 |1, 0, 1, 0|97, 0, 236, 0|789, 0, 590, 0|649, 0, 665, 0|240, 0, 393, 0
21 5 90 0.037403740374 0.583058305831 2 3602 3602 |1, 0, 1, 0|97, 0, 237, 0|803, 0, 631, 0|624, 0, 641, 0|219, 0, 348, 0
21 4 90 0.037403740374 0.583058305831 2 3620 3620 |1, 0, 1, 0|96, 0, 230, 0|804, 0, 606, 0|637, 0, 637, 0|222, 0, 386, 0
21 3 90 0.037403740374 0.583058305831 2 3637 3637 |1, 0, 1, 0|93, 0, 236, 0|774, 0, 636, 0|700, 0, 606, 0|229, 0, 361, 0
21 2 90 0.037403740374 0.583058305831 2 3640 3640 |1, 0, 1, 0|96, 0, 230, 0|783, 0, 619, 0|651, 0, 667, 0|207, 0, 385, 0
21 1 90 0.037403740374 0.583058305831 2 3600 3600 |1, 0, 1, 0|95, 0, 237, 0|788, 0, 632, 0|618, 0, 660, 0|192, 0, 376, 0
