Cutoff >1
N1 20000
MaxLen1 12
nHaps NHaps nSp single_nucleotide_pDNCs pDNC_recovered
2 10 99 0.0340632603406 0.523114355231 0 6779 4268 |0, 0, 0, 0|10, 4, 13, 3|822, 591, 814, 253|1068, 747, 839, 408|325, 271, 377, 234
2 9 99 0.0243309002433 0.518248175182 0 7239 4110 |0, 0, 0, 0|10, 4, 13, 6|850, 561, 771, 318|998, 956, 801, 588|325, 390, 342, 306
2 8 99 0.014598540146 0.518248175182 0 7700 3258 |0, 0, 0, 0|10, 9, 13, 8|714, 949, 649, 612|779, 1168, 653, 879|227, 402, 213, 415
2 7 99 0.0243309002433 0.525547445255 0 7258 3689 |0, 0, 0, 0|10, 6, 13, 5|743, 711, 737, 428|937, 1087, 711, 622|273, 371, 265, 339
2 6 99 0.0194647201946 0.518248175182 0 7158 3532 |0, 0, 0, 0|10, 6, 13, 5|735, 820, 738, 397|814, 1079, 685, 628|256, 373, 281, 318
2 5 99 0.0243309002433 0.515815085158 0 7527 3814 |0, 0, 0, 0|10, 1, 13, 9|870, 786, 745, 478|875, 1073, 738, 689|278, 330, 285, 347
2 4 99 0.0170316301703 0.520681265207 0 7775 3861 |0, 0, 0, 0|10, 2, 13, 4|827, 727, 788, 457|929, 1170, 734, 752|288, 463, 272, 339
2 3 99 0.0194647201946 0.52798053528 0 7928 3435 |0, 0, 0, 0|10, 5, 13, 8|717, 919, 682, 457|819, 1400, 704, 767|243, 506, 247, 431
2 2 99 0.0170316301703 0.520681265207 0 7819 3367 |0, 0, 0, 0|10, 6, 13, 10|735, 953, 648, 550|806, 1284, 657, 753|265, 467, 233, 429
2 1 99 0.0170316301703 0.518248175182 0 7924 3626 |0, 0, 0, 0|10, 2, 13, 4|779, 808, 768, 396|846, 1327, 734, 798|238, 543, 238, 420
3 10 99 0.0267639902676 0.518248175182 0 6879 4307 |0, 0, 0, 0|10, 2, 13, 2|919, 550, 873, 257|1066, 765, 812, 490|312, 271, 302, 235
3 9 99 0.0194647201946 0.523114355231 0 6906 3473 |0, 0, 0, 0|10, 6, 13, 6|713, 805, 676, 341|816, 1002, 780, 591|241, 379, 224, 303
3 8 99 0.029197080292 0.520681265207 0 7339 4040 |0, 0, 0, 0|10, 5, 13, 6|818, 635, 807, 383|956, 948, 811, 644|324, 372, 301, 306
3 7 99 0.021897810219 0.523114355231 0 6376 3474 |0, 0, 0, 0|10, 10, 13, 4|730, 710, 683, 291|853, 849, 691, 522|232, 265, 262, 251
3 6 99 0.0170316301703 0.518248175182 0 7236 3808 |0, 0, 0, 0|10, 6, 13, 3|765, 633, 771, 364|929, 1069, 778, 614|254, 395, 288, 344
3 5 99 0.0316301703163 0.525547445255 0 7154 4355 |0, 0, 0, 0|10, 3, 13, 5|925, 548, 800, 322|1044, 842, 869, 488|373, 325, 321, 266
3 4 99 0.0316301703163 0.525547445255 0 6608 4185 |0, 0, 0, 0|10, 5, 13, 4|823, 582, 796, 306|1053, 648, 824, 394|337, 236, 329, 248
3 3 99 0.0121654501217 0.52798053528 0 7700 3220 |0, 0, 0, 0|10, 9, 13, 7|677, 1006, 694, 579|753, 1145, 666, 938|207, 384, 200, 412
3 2 99 0.036496350365 0.523114355231 0 6535 4037 |0, 0, 0, 0|10, 5, 13, 5|789, 522, 750, 317|1037, 694, 833, 427|320, 273, 285, 255
3 1 99 0.014598540146 0.523114355231 0 8161 3218 |0, 0, 0, 0|10, 12, 13, 5|673, 1093, 679, 645|819, 1350, 591, 916|224, 485, 209, 437
4 10 99 0.0340632603406 0.525547445255 0 7207 4179 |0, 0, 0, 0|10, 6, 13, 6|798, 673, 805, 336|1000, 847, 862, 564|353, 331, 338, 265
4 9 99 0.0316301703163 0.523114355231 0 6659 4070 |0, 0, 0, 0|10, 4, 13, 6|839, 600, 789, 266|981, 726, 822, 464|319, 268, 297, 255
4 8 99 0.0316301703163 0.520681265207 0 6603 3963 |0, 0, 0, 0|10, 7, 13, 5|808, 506, 794, 296|945, 755, 831, 462|273, 334, 289, 275
4 7 99 0.0267639902676 0.523114355231 0 6538 3854 |0, 0, 0, 0|10, 3, 13, 6|825, 619, 749, 295|928, 822, 801, 420|264, 274, 264, 245
4 6 99 0.0243309002433 0.515815085158 0 7142 4531 |0, 0, 0, 0|10, 2, 13, 2|856, 439, 908, 231|1107, 833, 934, 503|351, 310, 352, 291
4 5 99 0.0243309002433 0.520681265207 0 7138 3840 |0, 0, 0, 0|10, 6, 13, 3|774, 666, 767, 348|920, 987, 801, 641|285, 317, 270, 330
4 4 99 0.029197080292 0.525547445255 0 6925 4530 |0, 0, 0, 0|10, 4, 13, 2|845, 477, 881, 212|1164, 709, 918, 467|325, 274, 374, 250
4 3 99 0.0316301703163 0.520681265207 0 6939 3784 |0, 0, 0, 0|10, 5, 13, 8|796, 668, 733, 350|893, 924, 764, 579|291, 310, 284, 311
4 2 99 0.0316301703163 0.525547445255 0 6070 4114 |0, 0, 0, 0|10, 4, 13, 3|834, 380, 782, 208|1020, 539, 860, 417|270, 210, 325, 195
4 1 99 0.0316301703163 0.520681265207 0 7302 4318 |0, 0, 0, 0|10, 5, 13, 5|859, 606, 827, 335|1069, 846, 832, 577|361, 358, 347, 252
5 10 99 0.0243309002433 0.515815085158 0 6535 3737 |0, 0, 0, 0|10, 6, 13, 5|806, 559, 718, 256|868, 852, 792, 511|283, 314, 247, 295
5 9 99 0.0340632603406 0.52798053528 0 7523 4074 |0, 0, 0, 0|10, 4, 13, 8|794, 778, 780, 410|1045, 958, 809, 628|337, 359, 286, 304
5 8 99 0.0316301703163 0.523114355231 0 6957 4449 |0, 0, 0, 0|10, 5, 13, 5|869, 489, 860, 318|1108, 697, 898, 462|340, 298, 351, 234
5 7 99 0.0243309002433 0.520681265207 0 7023 3842 |0, 0, 0, 0|10, 10, 13, 6|715, 622, 744, 373|990, 902, 747, 581|338, 380, 285, 307
5 6 99 0.0243309002433 0.525547445255 0 7208 4355 |0, 0, 0, 0|10, 4, 13, 4|846, 502, 820, 299|1071, 897, 918, 480|338, 378, 339, 289
5 5 99 0.0462287104623 0.520681265207 0 6683 4508 |0, 0, 0, 0|10, 4, 13, 7|895, 459, 841, 240|1109, 590, 950, 410|369, 213, 321, 252
5 4 99 0.0389294403893 0.525547445255 0 6919 4349 |0, 0, 0, 0|10, 5, 13, 6|853, 634, 791, 292|1074, 724, 911, 426|333, 254, 364, 229
5 3 99 0.029197080292 0.525547445255 0 6896 4038 |0, 0, 0, 0|10, 3, 13, 6|857, 592, 777, 324|973, 818, 806, 534|318, 296, 284, 285
5 2 99 0.0243309002433 0.518248175182 0 6933 3894 |0, 0, 0, 0|10, 8, 13, 5|747, 599, 776, 344|945, 926, 824, 526|276, 360, 303, 271
5 1 99 0.0267639902676 0.518248175182 0 6674 3946 |0, 0, 0, 0|10, 2, 13, 4|833, 528, 767, 273|995, 841, 766, 506|292, 311, 270, 263
6 10 99 0.0267639902676 0.520681265207 0 7378 4426 |0, 0, 0, 0|10, 3, 13, 4|903, 523, 857, 341|1104, 926, 864, 542|330, 342, 345, 271
6 9 99 0.036496350365 0.520681265207 0 6877 4733 |0, 0, 0, 0|10, 3, 13, 4|921, 382, 858, 237|1187, 588, 971, 425|374, 274, 399, 231
6 8 99 0.0413625304136 0.520681265207 0 6401 4131 |0, 0, 0, 0|10, 5, 13, 5|827, 558, 824, 257|967, 621, 874, 405|310, 213, 306, 206
6 7 99 0.0243309002433 0.523114355231 0 6606 3612 |0, 0, 0, 0|10, 7, 13, 6|732, 581, 681, 351|927, 884, 739, 547|269, 321, 241, 297
6 6 99 0.0340632603406 0.523114355231 0 7138 4133 |0, 0, 0, 0|10, 3, 13, 5|871, 562, 790, 347|956, 854, 855, 568|303, 354, 335, 312
6 5 99 0.0413625304136 0.523114355231 0 6314 3917 |0, 0, 0, 0|10, 7, 13, 5|737, 648, 797, 262|893, 606, 823, 454|333, 204, 311, 211
6 4 99 0.0316301703163 0.520681265207 0 6796 4309 |0, 0, 0, 0|10, 5, 13, 3|866, 422, 830, 240|1070, 766, 867, 497|320, 281, 333, 273
6 3 99 0.0389294403893 0.523114355231 0 6735 4824 |0, 0, 0, 0|10, 3, 13, 2|904, 420, 913, 176|1191, 549, 1004, 380|418, 177, 371, 204
6 2 99 0.0413625304136 0.525547445255 0 6475 4115 |0, 0, 0, 0|10, 6, 13, 7|795, 528, 778, 249|1000, 625, 881, 499|349, 227, 289, 219
6 1 99 0.0243309002433 0.515815085158 0 7119 3832 |0, 0, 0, 0|10, 2, 13, 4|824, 747, 773, 375|887, 939, 782, 576|276, 347, 267, 297
7 10 99 0.0413625304136 0.523114355231 0 6263 4450 |0, 0, 0, 0|10, 5, 13, 3|824, 469, 868, 196|1070, 477, 959, 316|349, 173, 357, 174
7 9 99 0.0413625304136 0.523114355231 0 6308 4854 |0, 0, 0, 0|10, 4, 13, 3|884, 336, 910, 188|1237, 433, 965, 249|423, 120, 412, 121
7 8 99 0.0316301703163 0.520681265207 0 6308 4385 |0, 0, 0, 0|10, 7, 13, 3|803, 389, 801, 183|1170, 554, 903, 349|347, 247, 338, 191
7 7 99 0.043795620438 0.520681265207 0 6603 4895 |0, 0, 0, 0|10, 6, 13, 3|881, 355, 924, 193|1252, 492, 999, 306|436, 180, 380, 173
7 6 99 0.029197080292 0.525547445255 0 6496 4662 |0, 0, 0, 0|10, 3, 13, 1|863, 310, 903, 235|1223, 550, 932, 341|357, 217, 361, 177
7 5 99 0.0340632603406 0.520681265207 0 6409 4172 |0, 0, 0, 0|10, 5, 13, 3|825, 469, 830, 186|998, 674, 861, 402|315, 256, 320, 242
7 4 99 0.0316301703163 0.525547445255 0 6074 4248 |0, 0, 0, 0|10, 3, 13, 2|815, 372, 838, 193|1059, 537, 875, 328|313, 199, 325, 192
7 3 99 0.0316301703163 0.525547445255 0 6513 4472 |0, 0, 0, 0|10, 6, 13, 2|850, 379, 848, 218|1094, 613, 964, 377|340, 260, 353, 186
7 2 99 0.0267639902676 0.525547445255 0 6546 4150 |0, 0, 0, 0|10, 2, 13, 3|845, 473, 807, 239|977, 728, 879, 440|299, 308, 320, 203
7 1 99 0.0413625304136 0.523114355231 0 6223 5083 |0, 0, 0, 0|10, 5, 13, 2|915, 239, 927, 129|1266, 299, 1091, 199|450, 143, 411, 124
8 10 99 0.0413625304136 0.523114355231 0 6039 4732 |0, 0, 0, 0|10, 8, 13, 1|833, 302, 896, 145|1193, 398, 939, 215|453, 128, 395, 110
8 9 99 0.029197080292 0.52798053528 0 6433 4176 |0, 0, 0, 0|10, 4, 13, 4|834, 447, 786, 287|1049, 665, 827, 380|323, 264, 334, 206
8 8 99 0.043795620438 0.520681265207 0 5772 4633 |0, 0, 0, 0|10, 7, 13, 3|836, 258, 869, 138|1206, 324, 940, 216|415, 101, 344, 92
8 7 99 0.0316301703163 0.52798053528 0 5966 4255 |0, 0, 0, 0|10, 4, 13, 4|801, 302, 790, 180|1081, 541, 894, 309|342, 205, 324, 166
8 6 99 0.0340632603406 0.52798053528 0 6421 4563 |0, 0, 0, 0|10, 3, 13, 3|818, 410, 886, 242|1216, 539, 913, 291|374, 191, 333, 179
8 5 99 0.029197080292 0.520681265207 0 6059 4285 |0, 0, 0, 0|10, 7, 13, 2|843, 391, 859, 137|1059, 504, 837, 321|338, 238, 326, 174
8 4 99 0.036496350365 0.523114355231 0 6356 4831 |0, 0, 0, 0|10, 3, 13, 4|934, 300, 867, 161|1241, 462, 989, 274|403, 185, 374, 136
8 3 99 0.029197080292 0.520681265207 0 6518 4332 |0, 0, 0, 0|10, 6, 13, 3|784, 351, 803, 233|1138, 671, 868, 400|378, 260, 338, 262
8 2 99 0.043795620438 0.530413625304 0 6597 5306 |0, 0, 0, 0|10, 0, 13, 4|1011, 258, 908, 170|1441, 341, 1029, 253|439, 128, 455, 137
8 1 99 0.0413625304136 0.525547445255 0 6582 5184 |0, 0, 0, 0|10, 2, 13, 2|966, 290, 943, 122|1377, 395, 1062, 267|389, 186, 424, 134
9 10 99 0.0389294403893 0.523114355231 0 6425 5003 |0, 0, 0, 0|10, 1, 13, 3|943, 301, 892, 144|1253, 453, 1075, 254|423, 131, 394, 135
9 9 99 0.0316301703163 0.52798053528 0 6404 4147 |0, 0, 0, 0|10, 8, 13, 2|767, 550, 781, 257|1050, 633, 877, 396|318, 209, 331, 202
9 8 99 0.036496350365 0.530413625304 0 6071 4308 |0, 0, 0, 0|10, 6, 13, 3|809, 306, 789, 159|1132, 522, 875, 326|325, 239, 355, 202
9 7 99 0.036496350365 0.525547445255 0 6397 4803 |0, 0, 0, 0|10, 4, 13, 1|888, 353, 893, 188|1177, 456, 982, 283|429, 160, 411, 149
9 6 99 0.029197080292 0.523114355231 0 6890 4538 |0, 0, 0, 0|10, 3, 13, 3|917, 475, 845, 248|1150, 712, 896, 444|364, 246, 343, 221
9 5 99 0.043795620438 0.523114355231 0 6014 4886 |0, 0, 0, 0|10, 6, 13, 3|863, 228, 889, 123|1266, 281, 1025, 207|419, 150, 401, 130
9 4 99 0.0340632603406 0.52798053528 0 6651 4552 |0, 0, 0, 0|10, 4, 13, 1|869, 413, 878, 254|1143, 623, 924, 371|369, 229, 346, 204
9 3 99 0.043795620438 0.530413625304 0 6557 5312 |0, 0, 0, 0|10, 1, 13, 1|949, 269, 945, 133|1335, 394, 1116, 195|485, 132, 459, 120
9 2 99 0.0340632603406 0.523114355231 0 6517 4393 |0, 0, 0, 0|10, 4, 13, 2|847, 440, 859, 220|1103, 646, 840, 403|376, 216, 345, 193
9 1 99 0.043795620438 0.518248175182 0 5825 4766 |0, 0, 0, 0|10, 5, 13, 2|867, 255, 870, 109|1264, 295, 1010, 216|388, 90, 344, 87
10 10 99 0.036496350365 0.532846715328 0 5954 4614 |0, 0, 0, 0|10, 1, 13, 3|901, 291, 856, 110|1161, 384, 921, 240|380, 181, 372, 130
10 9 99 0.0389294403893 0.530413625304 0 5589 5133 |0, 0, 0, 0|10, 1, 13, 1|970, 95, 882, 46|1310, 138, 1064, 84|440, 50, 444, 41
10 8 99 0.043795620438 0.532846715328 0 5907 5205 |0, 0, 0, 0|10, 0, 13, 1|981, 80, 941, 71|1305, 205, 1060, 156|442, 95, 453, 94
10 7 99 0.043795620438 0.532846715328 0 5812 4894 |0, 0, 0, 0|10, 1, 13, 3|967, 138, 846, 91|1257, 266, 975, 184|425, 114, 401, 121
10 6 99 0.0316301703163 0.530413625304 0 6243 4519 |0, 0, 0, 0|10, 1, 13, 2|885, 365, 886, 183|1085, 513, 934, 280|355, 200, 351, 180
10 5 99 0.043795620438 0.52798053528 0 5596 5010 |0, 0, 0, 0|10, 1, 13, 2|941, 106, 885, 76|1275, 158, 1018, 134|450, 52, 418, 57
10 4 99 0.0340632603406 0.532846715328 0 5809 4728 |0, 0, 0, 0|10, 1, 13, 1|915, 195, 891, 91|1194, 345, 965, 200|385, 129, 355, 119
10 3 99 0.029197080292 0.530413625304 0 5926 4645 |0, 0, 0, 0|10, 2, 13, 0|932, 206, 857, 106|1132, 436, 938, 237|368, 170, 395, 124
10 2 99 0.0267639902676 0.52798053528 0 5729 4216 |0, 0, 0, 0|10, 1, 13, 2|803, 398, 842, 142|1055, 456, 844, 240|335, 153, 314, 121
10 1 99 0.0340632603406 0.532846715328 0 5753 4730 |0, 0, 0, 0|10, 0, 13, 1|942, 186, 885, 100|1184, 301, 947, 188|375, 134, 374, 113
11 10 99 0.043795620438 0.52798053528 0 5680 4875 |0, 0, 0, 0|10, 0, 13, 2|977, 194, 886, 58|1224, 229, 990, 154|393, 94, 382, 74
11 9 99 0.0340632603406 0.532846715328 0 5735 4705 |0, 0, 0, 0|10, 1, 13, 1|899, 196, 904, 92|1164, 322, 946, 189|384, 127, 385, 102
11 8 99 0.043795620438 0.532846715328 0 5651 5112 |0, 0, 0, 0|10, 0, 13, 1|966, 138, 938, 66|1258, 149, 1065, 107|408, 43, 454, 35
11 7 99 0.0316301703163 0.525547445255 0 5830 4540 |0, 0, 0, 0|10, 1, 13, 3|885, 292, 817, 151|1126, 362, 960, 222|343, 156, 386, 103
11 6 99 0.043795620438 0.532846715328 0 5608 4987 |0, 0, 0, 0|10, 1, 13, 1|940, 166, 943, 47|1220, 204, 1032, 108|386, 45, 443, 49
11 5 99 0.043795620438 0.525547445255 0 5524 5161 |0, 0, 0, 0|10, 1, 13, 1|963, 78, 956, 30|1273, 85, 1062, 89|454, 45, 430, 34
11 4 99 0.0340632603406 0.530413625304 0 5772 4796 |0, 0, 0, 0|10, 0, 13, 2|914, 151, 867, 78|1250, 306, 990, 177|381, 154, 371, 108
11 3 99 0.0462287104623 0.52798053528 0 5805 5249 |0, 0, 0, 0|10, 0, 13, 3|990, 88, 937, 68|1359, 173, 1044, 91|469, 79, 427, 54
11 2 99 0.029197080292 0.52798053528 0 5795 4546 |0, 0, 0, 0|10, 0, 13, 1|901, 252, 892, 135|1143, 367, 875, 222|372, 158, 340, 114
11 1 99 0.029197080292 0.530413625304 0 6053 4558 |0, 0, 0, 0|10, 0, 13, 2|917, 279, 864, 136|1114, 436, 945, 274|355, 203, 340, 165
12 10 99 0.0462287104623 0.530413625304 0 5528 5326 |0, 0, 0, 0|10, 1, 13, 1|1018, 51, 979, 30|1349, 50, 1052, 47|458, 10, 447, 12
12 9 99 0.0462287104623 0.532846715328 0 5495 5241 |0, 0, 0, 0|10, 1, 13, 1|966, 64, 939, 36|1339, 61, 1074, 45|441, 28, 459, 18
12 8 99 0.036496350365 0.532846715328 0 5718 4826 |0, 0, 0, 0|10, 0, 13, 1|922, 133, 910, 65|1219, 271, 989, 176|401, 144, 362, 102
12 7 99 0.043795620438 0.532846715328 0 5822 5239 |0, 0, 0, 0|10, 0, 13, 1|1021, 83, 929, 56|1300, 171, 1064, 121|452, 82, 450, 69
12 6 99 0.043795620438 0.530413625304 0 5584 5175 |0, 0, 0, 0|10, 1, 13, 1|941, 102, 934, 54|1325, 115, 1084, 81|452, 25, 416, 30
12 5 99 0.0413625304136 0.530413625304 0 5654 5121 |0, 0, 0, 0|10, 0, 13, 1|936, 68, 961, 55|1339, 139, 1038, 113|432, 89, 392, 68
12 4 99 0.036496350365 0.532846715328 0 5632 4969 |0, 0, 0, 0|10, 0, 13, 1|927, 88, 918, 63|1307, 201, 980, 115|405, 112, 409, 83
12 3 99 0.0413625304136 0.530413625304 0 5732 4946 |0, 0, 0, 0|10, 0, 13, 2|957, 162, 910, 73|1186, 220, 1041, 139|387, 101, 442, 89
12 2 99 0.0413625304136 0.530413625304 0 5673 5092 |0, 0, 0, 0|10, 1, 13, 1|950, 90, 916, 54|1275, 172, 1078, 107|410, 96, 440, 60
12 1 99 0.043795620438 0.530413625304 0 5608 5293 |0, 0, 0, 0|10, 0, 13, 0|942, 93, 1018, 35|1386, 80, 1001, 51|444, 25, 479, 31
13 10 99 0.0462287104623 0.532846715328 0 5552 5231 |0, 0, 0, 0|10, 0, 13, 2|995, 34, 929, 15|1312, 85, 1083, 74|462, 60, 427, 51
13 9 99 0.0340632603406 0.530413625304 0 5538 4907 |0, 0, 0, 0|10, 0, 13, 1|928, 105, 870, 41|1224, 207, 1034, 127|392, 85, 436, 65
13 8 99 0.0462287104623 0.532846715328 0 5445 5275 |0, 0, 0, 0|10, 0, 13, 1|965, 6, 925, 14|1368, 57, 1107, 31|450, 30, 437, 31
13 7 99 0.0413625304136 0.530413625304 0 5694 5240 |0, 0, 0, 0|10, 0, 13, 1|989, 47, 944, 32|1380, 125, 1022, 111|434, 80, 448, 58
13 6 99 0.043795620438 0.532846715328 0 5874 5295 |0, 0, 0, 0|10, 0, 13, 1|989, 80, 882, 49|1334, 206, 1142, 98|481, 80, 444, 65
13 5 99 0.0413625304136 0.532846715328 0 5574 5320 |0, 0, 0, 0|10, 0, 13, 0|986, 40, 969, 16|1384, 95, 1073, 47|458, 33, 427, 23
13 4 99 0.0462287104623 0.532846715328 0 5507 5335 |0, 0, 0, 0|10, 0, 13, 1|951, 6, 963, 17|1395, 40, 1081, 43|480, 35, 442, 30
13 3 99 0.0340632603406 0.530413625304 0 5590 4880 |0, 0, 0, 0|10, 0, 13, 1|918, 100, 909, 55|1277, 223, 1004, 114|391, 125, 358, 92
13 2 99 0.043795620438 0.530413625304 0 5589 5364 |0, 0, 0, 0|10, 0, 13, 1|1040, 9, 918, 19|1362, 54, 1117, 56|446, 48, 458, 38
13 1 99 0.0340632603406 0.530413625304 0 5557 4973 |0, 0, 0, 0|10, 0, 13, 0|930, 95, 913, 42|1308, 191, 1024, 111|394, 86, 381, 59
14 10 99 0.0462287104623 0.532846715328 0 5448 5428 |0, 0, 0, 0|10, 0, 13, 0|985, 0, 956, 6|1390, 1, 1097, 6|479, 5, 498, 2
14 9 99 0.036496350365 0.532846715328 0 5645 4909 |0, 0, 0, 0|10, 0, 13, 1|907, 173, 885, 51|1236, 246, 1053, 115|400, 77, 405, 73
14 8 99 0.043795620438 0.532846715328 0 5530 5218 |0, 0, 0, 0|10, 0, 13, 0|968, 102, 978, 24|1309, 87, 1060, 52|423, 31, 457, 16
14 7 99 0.043795620438 0.532846715328 0 5592 5205 |0, 0, 0, 0|10, 0, 13, 1|941, 43, 956, 29|1303, 116, 1062, 88|462, 63, 458, 47
14 6 99 0.0413625304136 0.530413625304 0 5538 5329 |0, 0, 0, 0|10, 0, 13, 0|1011, 31, 924, 14|1378, 75, 1071, 44|455, 23, 467, 22
14 5 99 0.043795620438 0.532846715328 0 5681 5269 |0, 0, 0, 0|10, 0, 13, 1|968, 120, 966, 31|1373, 125, 1098, 67|410, 32, 431, 36
14 4 99 0.0462287104623 0.532846715328 0 5441 5422 |0, 0, 0, 0|10, 0, 13, 0|975, 0, 961, 0|1341, 4, 1183, 3|472, 9, 467, 3
14 3 99 0.0462287104623 0.532846715328 0 5593 5418 |0, 0, 0, 0|10, 0, 13, 1|1008, 6, 946, 18|1374, 23, 1201, 46|430, 38, 436, 43
14 2 99 0.043795620438 0.532846715328 0 5617 5406 |0, 0, 0, 0|10, 0, 13, 0|949, 34, 1018, 18|1371, 63, 1120, 37|474, 35, 451, 24
14 1 99 0.0340632603406 0.532846715328 0 5622 4851 |0, 0, 0, 0|10, 0, 13, 0|918, 163, 878, 78|1215, 246, 980, 120|408, 102, 429, 62
15 10 99 0.036496350365 0.532846715328 0 5604 4927 |0, 0, 0, 0|10, 0, 13, 1|922, 106, 937, 43|1270, 259, 960, 114|425, 84, 390, 70
15 9 99 0.043795620438 0.530413625304 0 5347 5332 |0, 0, 0, 0|10, 0, 13, 0|966, 0, 971, 0|1377, 3, 1105, 3|465, 6, 425, 3
15 8 99 0.043795620438 0.530413625304 0 5644 5423 |0, 0, 0, 0|10, 0, 13, 1|1022, 9, 963, 14|1367, 60, 1123, 47|431, 46, 494, 44
15 7 99 0.043795620438 0.530413625304 0 5420 5405 |0, 0, 0, 0|10, 0, 13, 0|966, 0, 957, 5|1392, 0, 1111, 8|492, 0, 464, 2
15 6 99 0.0462287104623 0.532846715328 0 5617 5318 |0, 0, 0, 0|10, 0, 13, 2|968, 36, 958, 27|1352, 83, 1103, 57|449, 55, 465, 39
15 5 99 0.0462287104623 0.532846715328 0 5667 5450 |0, 0, 0, 0|10, 0, 13, 1|999, 43, 982, 21|1340, 89, 1161, 25|444, 22, 501, 16
15 4 99 0.043795620438 0.532846715328 0 5563 5319 |0, 0, 0, 0|10, 0, 13, 0|974, 76, 958, 28|1353, 76, 1103, 36|446, 14, 462, 14
15 3 99 0.0462287104623 0.532846715328 0 5550 5315 |0, 0, 0, 0|10, 0, 13, 1|1041, 43, 943, 22|1316, 91, 1080, 36|447, 21, 465, 21
15 2 99 0.043795620438 0.532846715328 0 5617 5195 |0, 0, 0, 0|10, 0, 13, 1|935, 58, 932, 25|1327, 168, 1129, 76|409, 44, 440, 50
15 1 99 0.0462287104623 0.532846715328 0 5661 5355 |0, 0, 0, 0|10, 0, 13, 2|1003, 36, 916, 28|1375, 88, 1117, 54|475, 50, 446, 48
16 10 99 0.0462287104623 0.532846715328 0 5489 5489 |0, 0, 0, 0|10, 0, 13, 0|965, 0, 977, 0|1427, 0, 1139, 0|479, 0, 479, 0
16 9 99 0.0462287104623 0.532846715328 0 5547 5534 |0, 0, 0, 0|10, 0, 13, 0|1004, 0, 995, 0|1420, 1, 1113, 2|488, 7, 491, 3
16 8 99 0.0462287104623 0.532846715328 0 5504 5504 |0, 0, 0, 0|10, 0, 13, 0|1011, 0, 973, 0|1411, 0, 1143, 0|488, 0, 455, 0
16 7 99 0.043795620438 0.532846715328 0 5531 5136 |0, 0, 0, 0|10, 0, 13, 1|949, 93, 914, 38|1332, 117, 1052, 55|434, 52, 432, 39
16 6 99 0.0462287104623 0.532846715328 0 5507 5383 |0, 0, 0, 0|10, 0, 13, 1|1001, 30, 929, 5|1396, 43, 1106, 14|467, 19, 461, 12
16 5 99 0.0462287104623 0.532846715328 0 5449 5393 |0, 0, 0, 0|10, 0, 13, 0|988, 3, 970, 1|1295, 16, 1135, 16|503, 7, 479, 13
16 4 99 0.0462287104623 0.532846715328 0 5611 5611 |0, 0, 0, 0|10, 0, 13, 0|977, 0, 994, 0|1458, 0, 1209, 0|457, 0, 493, 0
16 3 99 0.0413625304136 0.532846715328 0 5707 5174 |0, 0, 0, 0|10, 0, 13, 0|967, 121, 938, 43|1316, 194, 1078, 86|428, 60, 424, 29
16 2 99 0.036496350365 0.532846715328 0 5700 5096 |0, 0, 0, 0|10, 0, 13, 1|968, 106, 891, 37|1284, 205, 1099, 111|424, 92, 407, 52
16 1 99 0.043795620438 0.532846715328 0 5571 5360 |0, 0, 0, 0|10, 0, 13, 0|981, 33, 978, 17|1339, 63, 1116, 48|463, 26, 460, 24
17 10 99 0.0462287104623 0.532846715328 0 5592 5592 |0, 0, 0, 0|10, 0, 13, 0|1036, 0, 1009, 0|1410, 0, 1147, 0|477, 0, 490, 0
17 9 99 0.0462287104623 0.532846715328 0 5438 5438 |0, 0, 0, 0|10, 0, 13, 0|946, 0, 977, 0|1471, 0, 1053, 0|487, 0, 481, 0
17 8 99 0.0462287104623 0.532846715328 0 5515 5515 |0, 0, 0, 0|10, 0, 13, 0|969, 0, 999, 0|1461, 0, 1118, 0|505, 0, 440, 0
17 7 99 0.043795620438 0.530413625304 0 5508 5508 |0, 0, 0, 0|10, 0, 13, 0|976, 0, 1002, 0|1380, 0, 1154, 0|490, 0, 483, 0
17 6 99 0.0462287104623 0.532846715328 0 5490 5490 |0, 0, 0, 0|10, 0, 13, 0|1037, 0, 968, 0|1423, 0, 1078, 0|479, 0, 482, 0
17 5 99 0.036496350365 0.532846715328 0 5322 4871 |0, 0, 0, 0|10, 0, 13, 0|953, 62, 896, 34|1170, 161, 981, 85|463, 75, 385, 34
17 4 99 0.0462287104623 0.532846715328 0 5507 5507 |0, 0, 0, 0|10, 0, 13, 0|1011, 0, 984, 0|1446, 0, 1107, 0|470, 0, 466, 0
17 3 99 0.0462287104623 0.532846715328 0 5616 5616 |0, 0, 0, 0|10, 0, 13, 0|1012, 0, 1020, 0|1430, 0, 1126, 0|490, 0, 515, 0
17 2 99 0.043795620438 0.532846715328 0 5553 5314 |0, 0, 0, 0|10, 0, 13, 0|1026, 79, 932, 34|1335, 65, 1091, 37|470, 15, 437, 9
17 1 99 0.0462287104623 0.532846715328 0 5396 5396 |0, 0, 0, 0|10, 0, 13, 0|980, 0, 1028, 0|1352, 0, 1106, 0|470, 0, 437, 0
18 10 99 0.0462287104623 0.532846715328 0 5401 5401 |0, 0, 0, 0|10, 0, 13, 0|1007, 0, 957, 0|1379, 0, 1111, 0|470, 0, 454, 0
18 9 99 0.0462287104623 0.532846715328 0 5573 5573 |0, 0, 0, 0|10, 0, 13, 0|1045, 0, 985, 0|1393, 0, 1197, 0|442, 0, 488, 0
18 8 99 0.0462287104623 0.532846715328 0 5360 5360 |0, 0, 0, 0|10, 0, 13, 0|984, 0, 945, 0|1402, 0, 1090, 0|457, 0, 459, 0
18 7 99 0.0462287104623 0.532846715328 0 5485 5485 |0, 0, 0, 0|10, 0, 13, 0|963, 0, 1006, 0|1479, 0, 1100, 0|453, 0, 461, 0
18 6 99 0.0462287104623 0.532846715328 0 5378 5378 |0, 0, 0, 0|10, 0, 13, 0|990, 0, 969, 0|1337, 0, 1122, 0|471, 0, 466, 0
18 5 99 0.0462287104623 0.532846715328 0 5548 5548 |0, 0, 0, 0|10, 0, 13, 0|1034, 0, 979, 0|1413, 0, 1142, 0|504, 0, 453, 0
18 4 99 0.0462287104623 0.532846715328 0 5489 5489 |0, 0, 0, 0|10, 0, 13, 0|1009, 0, 966, 0|1426, 0, 1132, 0|462, 0, 471, 0
18 3 99 0.0462287104623 0.532846715328 0 5476 5476 |0, 0, 0, 0|10, 0, 13, 0|1017, 0, 976, 0|1390, 0, 1095, 0|517, 0, 458, 0
18 2 99 0.0462287104623 0.532846715328 0 5491 5491 |0, 0, 0, 0|10, 0, 13, 0|1005, 0, 987, 0|1421, 0, 1085, 0|500, 0, 470, 0
18 1 99 0.0462287104623 0.532846715328 0 5468 5468 |0, 0, 0, 0|10, 0, 13, 0|977, 0, 974, 0|1445, 0, 1123, 0|482, 0, 444, 0
19 10 99 0.0462287104623 0.532846715328 0 5527 5527 |0, 0, 0, 0|10, 0, 13, 0|984, 0, 981, 0|1444, 0, 1179, 0|452, 0, 464, 0
19 9 99 0.0462287104623 0.532846715328 0 5464 5464 |0, 0, 0, 0|10, 0, 13, 0|963, 0, 963, 0|1401, 0, 1143, 0|482, 0, 489, 0
19 8 99 0.0462287104623 0.532846715328 0 5462 5462 |0, 0, 0, 0|10, 0, 13, 0|968, 0, 988, 0|1420, 0, 1123, 0|475, 0, 465, 0
19 7 99 0.0462287104623 0.532846715328 0 5544 5544 |0, 0, 0, 0|10, 0, 13, 0|1003, 0, 968, 0|1427, 0, 1178, 0|463, 0, 482, 0
19 6 99 0.0462287104623 0.532846715328 0 5388 5388 |0, 0, 0, 0|10, 0, 13, 0|960, 0, 955, 0|1385, 0, 1114, 0|470, 0, 481, 0
19 5 99 0.0462287104623 0.532846715328 0 5449 5449 |0, 0, 0, 0|10, 0, 13, 0|978, 0, 998, 0|1359, 0, 1127, 0|473, 0, 491, 0
19 4 99 0.0462287104623 0.532846715328 0 5426 5426 |0, 0, 0, 0|10, 0, 13, 0|988, 0, 993, 0|1338, 0, 1156, 0|445, 0, 483, 0
19 3 99 0.0462287104623 0.532846715328 0 5433 5433 |0, 0, 0, 0|10, 0, 13, 0|982, 0, 962, 0|1388, 0, 1151, 0|470, 0, 457, 0
19 2 99 0.0462287104623 0.532846715328 0 5420 5420 |0, 0, 0, 0|10, 0, 13, 0|1013, 0, 967, 0|1351, 0, 1113, 0|482, 0, 471, 0
19 1 99 0.0462287104623 0.532846715328 0 5517 5517 |0, 0, 0, 0|10, 0, 13, 0|1006, 0, 995, 0|1433, 0, 1114, 0|434, 0, 512, 0
