Cutoff >1
N1 20000
MaxLen1 12
nHaps NHaps nSp single_nucleotide_pDNCs pDNC_recovered
2 10 99 0.0280748663102 0.446524064171 1 3305 1439 |1, 0, 0, 0|9, 67, 10, 15|409, 447, 327, 148|259, 545, 237, 219|91, 241, 96, 184
2 9 99 0.0213903743316 0.445187165775 1 2692 1297 |1, 0, 0, 0|9, 1, 10, 2|431, 311, 258, 113|223, 435, 176, 160|91, 240, 98, 133
2 8 99 0.0173796791444 0.446524064171 1 2853 1257 |1, 0, 0, 0|9, 70, 10, 12|386, 377, 286, 147|232, 440, 185, 185|81, 226, 67, 139
2 7 99 0.0160427807487 0.445187165775 1 3186 1353 |1, 0, 0, 0|9, 73, 10, 15|440, 409, 282, 174|214, 480, 229, 215|81, 292, 87, 175
2 6 99 0.0160427807487 0.445187165775 1 2697 1320 |1, 0, 0, 0|9, 70, 10, 13|399, 298, 291, 137|235, 365, 221, 169|80, 208, 74, 117
2 5 99 0.0200534759358 0.447860962567 1 3181 1336 |1, 0, 0, 0|9, 72, 10, 15|382, 390, 298, 151|246, 542, 218, 212|85, 302, 87, 161
2 4 99 0.0187165775401 0.449197860963 1 3058 1358 |1, 0, 0, 0|9, 2, 10, 2|424, 391, 230, 129|279, 532, 209, 175|99, 308, 97, 161
2 3 99 0.0120320855615 0.446524064171 1 3090 1261 |1, 0, 0, 0|9, 73, 10, 14|404, 387, 277, 160|212, 547, 202, 223|69, 277, 77, 148
2 2 99 0.0147058823529 0.44385026738 1 3411 1237 |1, 0, 0, 0|9, 79, 10, 18|360, 587, 270, 221|230, 541, 204, 244|56, 306, 97, 178
2 1 99 0.0120320855615 0.446524064171 1 3377 1174 |1, 0, 0, 0|9, 76, 10, 15|353, 516, 259, 207|214, 627, 168, 265|67, 332, 93, 165
3 10 99 0.0213903743316 0.445187165775 1 2714 1311 |1, 0, 0, 0|9, 69, 10, 12|379, 322, 279, 152|282, 355, 168, 139|80, 209, 103, 145
3 9 99 0.0160427807487 0.44385026738 1 2966 1288 |1, 0, 0, 0|9, 74, 10, 14|367, 395, 301, 189|242, 445, 190, 183|86, 243, 82, 135
3 8 99 0.0254010695187 0.445187165775 1 2512 1459 |1, 0, 0, 0|9, 69, 10, 12|413, 198, 311, 104|262, 265, 256, 134|91, 155, 106, 116
3 7 99 0.0133689839572 0.44385026738 1 3425 1280 |1, 0, 0, 0|9, 73, 10, 15|328, 486, 298, 208|266, 623, 208, 226|71, 337, 89, 177
3 6 99 0.0254010695187 0.447860962567 1 2698 1341 |1, 0, 0, 0|9, 69, 10, 12|416, 299, 278, 141|248, 353, 212, 162|85, 196, 82, 125
3 5 99 0.0227272727273 0.446524064171 1 2968 1436 |1, 0, 0, 0|9, 70, 10, 14|421, 318, 313, 161|259, 437, 213, 180|100, 230, 110, 122
3 4 99 0.0267379679144 0.447860962567 1 2598 1425 |1, 0, 0, 0|9, 67, 10, 12|415, 249, 300, 102|256, 338, 242, 131|96, 171, 96, 103
3 3 99 0.0187165775401 0.447860962567 1 2654 1415 |1, 0, 0, 0|9, 71, 10, 11|394, 227, 300, 128|298, 352, 215, 143|86, 192, 102, 115
3 2 99 0.0227272727273 0.446524064171 1 3111 1346 |1, 0, 0, 0|9, 7, 10, 5|424, 338, 250, 170|261, 558, 230, 197|80, 323, 81, 167
3 1 99 0.0227272727273 0.442513368984 1 2898 1384 |1, 0, 0, 0|9, 5, 10, 4|437, 309, 250, 119|271, 477, 224, 166|89, 282, 93, 152
4 10 99 0.0213903743316 0.445187165775 1 2670 1444 |1, 0, 0, 0|9, 70, 10, 11|427, 239, 306, 121|299, 338, 227, 168|87, 183, 78, 96
4 9 99 0.0213903743316 0.445187165775 1 2358 1365 |1, 0, 0, 0|9, 2, 10, 0|437, 196, 244, 75|298, 313, 207, 121|76, 185, 83, 101
4 8 99 0.0173796791444 0.446524064171 1 3063 1365 |1, 0, 0, 0|9, 5, 10, 4|398, 389, 228, 137|289, 489, 217, 192|116, 324, 97, 158
4 7 99 0.0200534759358 0.450534759358 1 2295 1262 |1, 0, 0, 0|9, 69, 10, 9|391, 224, 267, 99|190, 273, 217, 133|73, 152, 104, 74
4 6 99 0.0147058823529 0.446524064171 1 3002 1368 |1, 0, 0, 0|9, 5, 10, 4|446, 359, 258, 129|270, 487, 214, 198|88, 288, 72, 164
4 5 99 0.0320855614973 0.446524064171 1 2376 1550 |1, 0, 0, 0|9, 67, 10, 11|449, 187, 331, 59|299, 229, 256, 83|96, 119, 99, 71
4 4 99 0.0160427807487 0.445187165775 1 2993 1319 |1, 0, 0, 0|9, 71, 10, 12|384, 338, 300, 161|264, 476, 194, 215|84, 263, 73, 138
4 3 99 0.0200534759358 0.445187165775 1 3004 1470 |1, 0, 0, 0|9, 4, 10, 3|471, 379, 246, 130|318, 449, 224, 179|112, 232, 79, 158
4 2 99 0.0227272727273 0.44385026738 1 2787 1380 |1, 0, 0, 0|9, 72, 10, 14|375, 290, 307, 138|259, 392, 225, 184|95, 212, 99, 105
4 1 99 0.0294117647059 0.447860962567 1 2366 1640 |1, 0, 0, 0|9, 1, 10, 0|515, 139, 278, 61|334, 228, 255, 105|131, 113, 107, 79
5 10 99 0.0227272727273 0.450534759358 1 2532 1382 |1, 0, 0, 0|9, 67, 10, 12|397, 252, 295, 121|264, 306, 230, 123|68, 177, 108, 92
5 9 99 0.0173796791444 0.445187165775 1 2819 1349 |1, 0, 0, 0|9, 74, 10, 13|371, 304, 326, 162|244, 400, 208, 167|82, 222, 98, 128
5 8 99 0.0267379679144 0.446524064171 1 2420 1379 |1, 0, 0, 0|9, 69, 10, 11|380, 190, 312, 114|259, 251, 219, 142|92, 160, 97, 104
5 7 99 0.0267379679144 0.445187165775 1 2821 1431 |1, 0, 0, 0|9, 72, 10, 13|383, 294, 311, 123|271, 379, 247, 170|102, 231, 97, 108
5 6 99 0.024064171123 0.442513368984 1 2420 1483 |1, 0, 0, 0|9, 2, 10, 0|446, 153, 294, 91|300, 284, 226, 116|107, 203, 90, 88
5 5 99 0.0267379679144 0.447860962567 1 2300 1416 |1, 0, 0, 0|9, 69, 10, 11|407, 170, 305, 76|251, 229, 249, 116|85, 119, 99, 94
5 4 99 0.0307486631016 0.445187165775 1 2143 1486 |1, 0, 0, 0|9, 67, 10, 11|398, 109, 322, 51|280, 154, 251, 87|106, 88, 109, 90
5 3 99 0.0347593582888 0.447860962567 1 2286 1599 |1, 0, 0, 0|9, 1, 10, 0|505, 107, 265, 65|341, 191, 228, 98|120, 148, 120, 77
5 2 99 0.024064171123 0.446524064171 1 2311 1462 |1, 0, 0, 0|9, 1, 10, 0|454, 150, 252, 84|326, 280, 211, 103|107, 144, 92, 87
5 1 99 0.0280748663102 0.449197860963 1 2535 1563 |1, 0, 0, 0|9, 1, 10, 1|458, 190, 279, 78|325, 301, 252, 120|114, 190, 115, 91
6 10 99 0.0347593582888 0.446524064171 1 2067 1694 |1, 0, 0, 0|9, 0, 10, 0|530, 74, 303, 30|328, 101, 274, 53|116, 74, 123, 41
6 9 99 0.0347593582888 0.447860962567 1 2027 1694 |1, 0, 0, 0|9, 0, 10, 0|510, 38, 307, 24|349, 107, 274, 51|114, 68, 120, 45
6 8 99 0.0347593582888 0.447860962567 1 2040 1711 |1, 0, 0, 0|9, 0, 10, 0|489, 51, 281, 17|401, 104, 264, 55|123, 59, 133, 43
6 7 99 0.0280748663102 0.449197860963 1 2292 1586 |1, 0, 0, 0|9, 4, 10, 2|486, 143, 260, 64|319, 209, 263, 83|121, 133, 117, 68
6 6 99 0.0227272727273 0.446524064171 1 2712 1373 |1, 0, 0, 0|9, 72, 10, 14|391, 344, 297, 138|244, 340, 225, 127|105, 193, 91, 111
6 5 99 0.024064171123 0.446524064171 1 2118 1531 |1, 0, 0, 0|9, 69, 10, 11|441, 114, 352, 50|286, 128, 249, 66|89, 100, 94, 49
6 4 99 0.0280748663102 0.446524064171 1 2252 1513 |1, 0, 0, 0|9, 0, 10, 1|449, 178, 289, 51|326, 220, 220, 89|104, 130, 105, 70
6 3 99 0.0307486631016 0.445187165775 1 2444 1533 |1, 0, 0, 0|9, 67, 10, 12|389, 229, 334, 90|291, 221, 259, 115|137, 111, 103, 66
6 2 99 0.0280748663102 0.445187165775 1 2253 1531 |1, 0, 0, 0|9, 68, 10, 11|415, 155, 311, 50|301, 201, 263, 85|101, 95, 120, 57
6 1 99 0.0280748663102 0.449197860963 1 2179 1487 |1, 0, 0, 0|9, 67, 10, 11|430, 111, 314, 65|266, 172, 245, 90|100, 96, 112, 80
7 10 99 0.0307486631016 0.446524064171 1 1933 1639 |1, 0, 0, 0|9, 0, 10, 0|527, 49, 260, 24|331, 85, 247, 38|128, 57, 126, 41
7 9 99 0.0307486631016 0.447860962567 1 2021 1652 |1, 0, 0, 0|9, 67, 10, 11|473, 73, 312, 36|310, 58, 273, 36|129, 53, 135, 35
7 8 99 0.0280748663102 0.44385026738 1 2232 1517 |1, 0, 0, 0|9, 69, 10, 11|422, 139, 296, 69|296, 161, 242, 85|106, 117, 135, 64
7 7 99 0.0320855614973 0.446524064171 1 2164 1575 |1, 0, 0, 0|9, 67, 10, 11|423, 127, 310, 54|285, 126, 292, 81|124, 74, 121, 49
7 6 99 0.0320855614973 0.446524064171 1 2164 1585 |1, 0, 0, 0|9, 67, 10, 11|455, 125, 351, 45|302, 133, 243, 64|101, 77, 113, 57
7 5 99 0.0347593582888 0.447860962567 1 2113 1776 |1, 0, 0, 0|9, 0, 10, 0|540, 57, 313, 33|358, 103, 268, 31|146, 78, 131, 35
7 4 99 0.0347593582888 0.446524064171 1 2096 1684 |1, 0, 0, 0|9, 66, 10, 11|435, 76, 351, 36|322, 83, 285, 41|141, 60, 130, 39
7 3 99 0.0227272727273 0.449197860963 1 2277 1488 |1, 0, 0, 0|9, 1, 10, 1|466, 182, 255, 82|296, 205, 247, 100|98, 137, 106, 81
7 2 99 0.0294117647059 0.445187165775 1 2248 1595 |1, 0, 0, 0|9, 1, 10, 1|465, 167, 266, 47|338, 198, 254, 72|132, 114, 120, 53
7 1 99 0.0280748663102 0.445187165775 1 2208 1526 |1, 0, 0, 0|9, 68, 10, 11|403, 146, 334, 75|285, 153, 244, 67|115, 101, 125, 61
8 10 99 0.0347593582888 0.45320855615 1 1727 1534 |1, 0, 0, 0|9, 0, 10, 0|463, 28, 253, 21|314, 66, 228, 27|122, 35, 134, 16
8 9 99 0.0227272727273 0.45320855615 1 1821 1421 |1, 0, 0, 0|9, 2, 10, 0|433, 76, 237, 45|286, 107, 234, 49|110, 77, 101, 44
8 8 99 0.0360962566845 0.454545454545 1 1698 1666 |1, 0, 0, 0|9, 0, 10, 0|542, 1, 280, 1|330, 9, 242, 2|125, 12, 127, 7
8 7 99 0.0347593582888 0.45320855615 1 1750 1590 |1, 0, 0, 0|9, 65, 10, 11|415, 30, 330, 7|306, 14, 271, 7|116, 18, 132, 8
8 6 99 0.0307486631016 0.454545454545 1 1608 1419 |1, 0, 0, 0|9, 0, 10, 0|454, 34, 235, 16|277, 60, 205, 25|122, 39, 106, 15
8 5 99 0.0280748663102 0.454545454545 1 2004 1435 |1, 0, 0, 0|9, 67, 10, 11|406, 126, 270, 66|257, 129, 237, 65|138, 61, 107, 44
8 4 99 0.0254010695187 0.454545454545 1 2156 1437 |1, 0, 0, 0|9, 4, 10, 3|455, 170, 234, 65|292, 191, 224, 88|100, 134, 112, 64
8 3 99 0.0320855614973 0.45320855615 1 1861 1462 |1, 0, 0, 0|9, 65, 10, 11|407, 91, 306, 24|271, 86, 249, 40|106, 46, 103, 36
8 2 99 0.0294117647059 0.45320855615 1 1679 1375 |1, 0, 0, 0|9, 68, 10, 11|363, 64, 272, 28|270, 48, 247, 31|92, 31, 111, 23
8 1 99 0.033422459893 0.45320855615 1 1979 1509 |1, 0, 0, 0|9, 66, 10, 12|383, 118, 319, 36|285, 104, 266, 43|102, 56, 134, 35
9 10 99 0.0227272727273 0.45320855615 1 2067 1421 |1, 0, 0, 0|9, 4, 10, 2|420, 141, 244, 63|316, 180, 231, 71|106, 129, 84, 56
9 9 99 0.0320855614973 0.45320855615 1 1768 1483 |1, 0, 0, 0|9, 2, 10, 0|422, 41, 243, 19|334, 105, 244, 28|111, 59, 109, 31
9 8 99 0.0307486631016 0.45320855615 1 1662 1509 |1, 0, 0, 0|9, 0, 10, 0|466, 24, 256, 8|296, 44, 238, 23|125, 33, 108, 21
9 7 99 0.0360962566845 0.454545454545 1 1692 1545 |1, 0, 0, 0|9, 0, 10, 0|486, 30, 254, 7|340, 44, 224, 21|113, 27, 108, 18
9 6 99 0.0294117647059 0.454545454545 1 1712 1434 |1, 0, 0, 0|9, 1, 10, 0|456, 60, 243, 37|276, 74, 221, 26|113, 46, 105, 34
9 5 99 0.0307486631016 0.45320855615 1 1728 1450 |1, 0, 0, 0|9, 2, 10, 0|482, 57, 232, 27|290, 83, 210, 39|108, 45, 108, 25
9 4 99 0.0307486631016 0.45320855615 1 1721 1491 |1, 0, 0, 0|9, 2, 10, 0|432, 20, 244, 22|311, 66, 241, 43|116, 47, 127, 30
9 3 99 0.0320855614973 0.451871657754 1 2002 1490 |1, 0, 0, 0|9, 67, 10, 11|408, 106, 311, 48|300, 129, 223, 53|101, 60, 127, 38
9 2 99 0.0307486631016 0.454545454545 1 1756 1516 |1, 0, 0, 0|9, 1, 10, 0|462, 46, 265, 26|301, 75, 229, 29|124, 45, 115, 18
9 1 99 0.0307486631016 0.454545454545 1 1858 1559 |1, 0, 0, 0|9, 66, 10, 11|457, 48, 300, 20|289, 51, 246, 37|131, 43, 116, 23
10 10 99 0.0307486631016 0.45320855615 1 1787 1542 |1, 0, 0, 0|9, 66, 10, 11|410, 38, 312, 20|297, 36, 277, 17|118, 33, 108, 24
10 9 99 0.0347593582888 0.45320855615 1 1725 1547 |1, 0, 0, 0|9, 0, 10, 0|466, 29, 247, 23|330, 42, 248, 30|131, 37, 105, 17
10 8 99 0.0347593582888 0.45320855615 1 1761 1586 |1, 0, 0, 0|9, 1, 10, 0|458, 22, 272, 17|322, 58, 267, 18|130, 41, 117, 18
10 7 99 0.0360962566845 0.454545454545 1 1688 1619 |1, 0, 0, 0|9, 0, 10, 0|474, 8, 249, 2|336, 21, 271, 11|124, 17, 145, 10
10 6 99 0.0347593582888 0.454545454545 1 1789 1597 |1, 0, 0, 0|9, 0, 10, 0|461, 31, 277, 19|333, 54, 255, 29|128, 37, 123, 22
10 5 99 0.0307486631016 0.45320855615 1 1790 1515 |1, 0, 0, 0|9, 66, 10, 11|412, 45, 296, 25|288, 46, 269, 26|103, 42, 127, 14
10 4 99 0.0307486631016 0.454545454545 1 1777 1552 |1, 0, 0, 0|9, 1, 10, 0|476, 34, 255, 24|343, 61, 230, 26|126, 54, 102, 25
10 3 99 0.0347593582888 0.45320855615 1 1761 1603 |1, 0, 0, 0|9, 0, 10, 0|480, 19, 291, 17|319, 57, 247, 22|117, 31, 129, 12
10 2 99 0.0347593582888 0.454545454545 1 1767 1547 |1, 0, 0, 0|9, 65, 10, 11|409, 39, 318, 14|326, 40, 253, 14|117, 23, 104, 14
10 1 99 0.0360962566845 0.45320855615 1 1719 1618 |1, 0, 0, 0|9, 1, 10, 0|482, 14, 259, 3|339, 35, 245, 10|143, 32, 130, 6
11 10 99 0.0360962566845 0.454545454545 1 1631 1597 |1, 0, 0, 0|9, 0, 10, 0|509, 7, 259, 0|300, 10, 234, 7|131, 5, 144, 5
11 9 99 0.0320855614973 0.454545454545 1 1658 1575 |1, 0, 0, 0|9, 1, 10, 0|479, 9, 251, 9|325, 24, 247, 10|131, 20, 122, 10
11 8 99 0.0347593582888 0.454545454545 1 1698 1608 |1, 0, 0, 0|9, 0, 10, 0|492, 8, 251, 14|339, 26, 235, 17|136, 16, 135, 9
11 7 99 0.0360962566845 0.454545454545 1 1608 1563 |1, 0, 0, 0|9, 0, 10, 0|503, 7, 268, 0|288, 19, 227, 9|120, 8, 137, 2
11 6 99 0.0360962566845 0.454545454545 1 1643 1631 |1, 0, 0, 0|9, 0, 10, 0|499, 1, 283, 0|359, 6, 238, 2|131, 3, 101, 0
11 5 99 0.0307486631016 0.454545454545 1 1740 1535 |1, 0, 0, 0|9, 66, 10, 11|399, 36, 296, 19|330, 23, 270, 11|104, 22, 116, 17
11 4 99 0.0320855614973 0.454545454545 1 1642 1543 |1, 0, 0, 0|9, 1, 10, 0|492, 12, 227, 14|327, 19, 247, 9|120, 27, 110, 17
11 3 99 0.0347593582888 0.454545454545 1 1614 1506 |1, 0, 0, 0|9, 0, 10, 0|473, 16, 241, 9|273, 35, 240, 16|142, 23, 117, 9
11 2 99 0.0360962566845 0.454545454545 1 1618 1573 |1, 0, 0, 0|9, 0, 10, 0|447, 5, 261, 0|337, 23, 235, 8|135, 6, 138, 3
11 1 99 0.0347593582888 0.454545454545 1 1632 1553 |1, 0, 0, 0|9, 0, 10, 0|486, 12, 269, 12|290, 16, 242, 11|123, 17, 123, 11
12 10 99 0.0360962566845 0.454545454545 1 1662 1646 |1, 0, 0, 0|9, 0, 10, 0|496, 2, 280, 0|345, 7, 252, 0|130, 5, 123, 2
12 9 99 0.0360962566845 0.454545454545 1 1587 1585 |1, 0, 0, 0|9, 0, 10, 0|473, 0, 258, 0|347, 1, 239, 0|124, 0, 124, 1
12 8 99 0.0360962566845 0.454545454545 1 1650 1647 |1, 0, 0, 0|9, 0, 10, 0|491, 0, 268, 0|341, 0, 282, 1|123, 2, 122, 0
12 7 99 0.0360962566845 0.454545454545 1 1657 1619 |1, 0, 0, 0|9, 0, 10, 0|486, 14, 278, 0|332, 13, 256, 3|118, 5, 129, 3
12 6 99 0.0360962566845 0.454545454545 1 1645 1633 |1, 0, 0, 0|9, 0, 10, 0|474, 1, 267, 0|369, 4, 261, 3|121, 2, 121, 2
12 5 99 0.0347593582888 0.454545454545 1 1681 1594 |1, 0, 0, 0|9, 0, 10, 0|475, 12, 257, 13|343, 28, 254, 18|124, 10, 121, 6
12 4 99 0.0320855614973 0.454545454545 1 1857 1498 |1, 0, 0, 0|9, 66, 10, 11|410, 92, 304, 32|291, 78, 248, 40|107, 19, 118, 21
12 3 99 0.0360962566845 0.454545454545 1 1585 1572 |1, 0, 0, 0|9, 0, 10, 0|465, 2, 263, 0|323, 6, 242, 1|132, 1, 127, 3
12 2 99 0.0320855614973 0.454545454545 1 1709 1607 |1, 0, 0, 0|9, 1, 10, 0|478, 15, 257, 9|367, 28, 226, 14|137, 23, 122, 12
12 1 99 0.0347593582888 0.454545454545 1 1662 1518 |1, 0, 0, 0|9, 65, 10, 11|399, 31, 313, 7|283, 14, 256, 4|113, 7, 134, 5
13 10 99 0.0360962566845 0.454545454545 1 1623 1589 |1, 0, 0, 0|9, 0, 10, 0|489, 7, 254, 1|325, 16, 241, 4|130, 5, 130, 1
13 9 99 0.0360962566845 0.454545454545 1 1580 1577 |1, 0, 0, 0|9, 0, 10, 0|504, 0, 252, 0|326, 1, 223, 0|133, 2, 119, 0
13 8 99 0.0347593582888 0.454545454545 1 1694 1577 |1, 0, 0, 0|9, 65, 10, 11|395, 29, 325, 11|315, 0, 251, 1|136, 0, 135, 0
13 7 99 0.0320855614973 0.454545454545 1 1672 1579 |1, 0, 0, 0|9, 1, 10, 0|469, 8, 273, 10|337, 33, 248, 12|123, 21, 109, 8
13 6 99 0.0360962566845 0.454545454545 1 1670 1667 |1, 0, 0, 0|9, 0, 10, 0|498, 0, 275, 0|355, 1, 249, 0|147, 1, 123, 1
13 5 99 0.0360962566845 0.454545454545 1 1557 1509 |1, 0, 0, 0|9, 0, 10, 0|470, 9, 260, 0|289, 23, 223, 6|120, 3, 127, 7
13 4 99 0.0360962566845 0.454545454545 1 1654 1653 |1, 0, 0, 0|9, 0, 10, 0|487, 0, 268, 0|368, 1, 242, 0|127, 0, 141, 0
13 3 99 0.0360962566845 0.454545454545 1 1629 1620 |1, 0, 0, 0|9, 0, 10, 0|497, 1, 285, 0|307, 6, 266, 1|120, 1, 125, 0
13 2 99 0.0360962566845 0.454545454545 1 1566 1560 |1, 0, 0, 0|9, 0, 10, 0|448, 0, 266, 0|354, 0, 229, 0|113, 3, 130, 3
13 1 99 0.0360962566845 0.454545454545 1 1599 1558 |1, 0, 0, 0|9, 0, 10, 0|461, 8, 269, 0|327, 20, 251, 5|111, 5, 119, 3
14 10 99 0.0360962566845 0.454545454545 1 1711 1710 |1, 0, 0, 0|9, 0, 10, 0|489, 0, 292, 0|371, 0, 271, 0|124, 1, 143, 0
14 9 99 0.0320855614973 0.454545454545 1 1655 1558 |1, 0, 0, 0|9, 1, 10, 0|467, 7, 256, 12|315, 28, 228, 11|133, 25, 139, 13
14 8 99 0.0360962566845 0.454545454545 1 1631 1630 |1, 0, 0, 0|9, 0, 10, 0|482, 0, 273, 0|317, 1, 260, 0|138, 0, 140, 0
14 7 99 0.0360962566845 0.454545454545 1 1670 1670 |1, 0, 0, 0|9, 0, 10, 0|517, 0, 276, 0|328, 0, 254, 0|152, 0, 123, 0
14 6 99 0.0360962566845 0.454545454545 1 1603 1603 |1, 0, 0, 0|9, 0, 10, 0|487, 0, 242, 0|351, 0, 239, 0|126, 0, 138, 0
14 5 99 0.0320855614973 0.454545454545 1 1657 1577 |1, 0, 0, 0|9, 1, 10, 0|484, 8, 236, 13|334, 22, 248, 10|140, 14, 115, 12
14 4 99 0.0360962566845 0.454545454545 1 1617 1617 |1, 0, 0, 0|9, 0, 10, 0|492, 0, 261, 0|359, 0, 231, 0|144, 0, 110, 0
14 3 99 0.0360962566845 0.454545454545 1 1639 1639 |1, 0, 0, 0|9, 0, 10, 0|503, 0, 275, 0|340, 0, 264, 0|121, 0, 116, 0
14 2 99 0.0360962566845 0.454545454545 1 1599 1598 |1, 0, 0, 0|9, 0, 10, 0|472, 0, 255, 0|354, 1, 249, 0|127, 0, 121, 0
14 1 99 0.0360962566845 0.454545454545 1 1675 1671 |1, 0, 0, 0|9, 0, 10, 0|491, 0, 269, 0|371, 0, 277, 0|118, 3, 125, 1
15 10 99 0.0360962566845 0.454545454545 1 1673 1673 |1, 0, 0, 0|9, 0, 10, 0|524, 0, 257, 0|329, 0, 256, 0|130, 0, 157, 0
15 9 99 0.0360962566845 0.454545454545 1 1658 1658 |1, 0, 0, 0|9, 0, 10, 0|479, 0, 280, 0|336, 0, 265, 0|157, 0, 121, 0
15 8 99 0.0360962566845 0.454545454545 1 1600 1600 |1, 0, 0, 0|9, 0, 10, 0|491, 0, 266, 0|317, 0, 256, 0|125, 0, 125, 0
15 7 99 0.0360962566845 0.454545454545 1 1620 1620 |1, 0, 0, 0|9, 0, 10, 0|494, 0, 264, 0|357, 0, 239, 0|117, 0, 129, 0
15 6 99 0.0360962566845 0.454545454545 1 1628 1628 |1, 0, 0, 0|9, 0, 10, 0|496, 0, 286, 0|299, 0, 265, 0|120, 0, 142, 0
15 5 99 0.0360962566845 0.454545454545 1 1649 1649 |1, 0, 0, 0|9, 0, 10, 0|507, 0, 288, 0|307, 0, 251, 0|152, 0, 124, 0
15 4 99 0.0360962566845 0.454545454545 1 1600 1600 |1, 0, 0, 0|9, 0, 10, 0|483, 0, 267, 0|324, 0, 246, 0|127, 0, 133, 0
15 3 99 0.0360962566845 0.454545454545 1 1622 1622 |1, 0, 0, 0|9, 0, 10, 0|491, 0, 269, 0|357, 0, 252, 0|124, 0, 109, 0
15 2 99 0.0360962566845 0.454545454545 1 1639 1639 |1, 0, 0, 0|9, 0, 10, 0|502, 0, 277, 0|351, 0, 218, 0|146, 0, 125, 0
15 1 99 0.0360962566845 0.454545454545 1 1668 1668 |1, 0, 0, 0|9, 0, 10, 0|507, 0, 301, 0|346, 0, 251, 0|113, 0, 130, 0
16 10 99 0.0360962566845 0.454545454545 1 1578 1578 |1, 0, 0, 0|9, 0, 10, 0|449, 0, 277, 0|312, 0, 248, 0|138, 0, 134, 0
16 9 99 0.0360962566845 0.454545454545 1 1651 1651 |1, 0, 0, 0|9, 0, 10, 0|509, 0, 243, 0|370, 0, 242, 0|129, 0, 138, 0
16 8 99 0.0360962566845 0.454545454545 1 1626 1626 |1, 0, 0, 0|9, 0, 10, 0|508, 0, 247, 0|344, 0, 231, 0|143, 0, 133, 0
16 7 99 0.0360962566845 0.454545454545 1 1672 1672 |1, 0, 0, 0|9, 0, 10, 0|488, 0, 291, 0|361, 0, 243, 0|130, 0, 139, 0
16 6 99 0.0360962566845 0.454545454545 1 1657 1657 |1, 0, 0, 0|9, 0, 10, 0|518, 0, 251, 0|345, 0, 274, 0|125, 0, 124, 0
16 5 99 0.0360962566845 0.454545454545 1 1645 1645 |1, 0, 0, 0|9, 0, 10, 0|473, 0, 296, 0|352, 0, 244, 0|132, 0, 128, 0
16 4 99 0.0360962566845 0.454545454545 1 1639 1639 |1, 0, 0, 0|9, 0, 10, 0|473, 0, 259, 0|355, 0, 262, 0|142, 0, 128, 0
16 3 99 0.0360962566845 0.454545454545 1 1602 1602 |1, 0, 0, 0|9, 0, 10, 0|456, 0, 270, 0|308, 0, 283, 0|148, 0, 117, 0
16 2 99 0.0360962566845 0.454545454545 1 1672 1672 |1, 0, 0, 0|9, 0, 10, 0|510, 0, 259, 0|366, 0, 255, 0|129, 0, 133, 0
16 1 99 0.0360962566845 0.454545454545 1 1594 1594 |1, 0, 0, 0|9, 0, 10, 0|459, 0, 274, 0|349, 0, 238, 0|127, 0, 127, 0
